  0.10000000000000001        0.0000000000000000     
  0.30000000000000004        0.0000000000000000     
  0.50000000000000000        0.0000000000000000     
  0.70000000000000007        0.0000000000000000     
  0.90000000000000002        0.0000000000000000     
   1.1000000000000001        0.0000000000000000     
   1.3000000000000003        0.0000000000000000     
   1.5000000000000000        0.0000000000000000     
   1.7000000000000002        0.0000000000000000     
   1.8999999999999999        0.0000000000000000     
   2.1000000000000001        0.0000000000000000     
   2.3000000000000003        0.0000000000000000     
   2.5000000000000000        0.0000000000000000     
   2.7000000000000002        0.0000000000000000     
   2.9000000000000004        0.0000000000000000     
   3.1000000000000001        0.0000000000000000     
   3.3000000000000003        0.0000000000000000     
   3.5000000000000000        0.0000000000000000     
   3.7000000000000002        0.0000000000000000     
   3.9000000000000004        0.0000000000000000     
   4.0999999999999996        0.0000000000000000     
   4.3000000000000007        0.0000000000000000     
   4.5000000000000000        0.0000000000000000     
   4.7000000000000011        0.0000000000000000     
   4.9000000000000004        0.0000000000000000     
   5.0999999999999996        0.0000000000000000     
   5.3000000000000007        0.0000000000000000     
   5.5000000000000000        0.0000000000000000     
   5.7000000000000011        0.0000000000000000     
   5.9000000000000004        0.0000000000000000     
   6.0999999999999996        0.0000000000000000     
   6.3000000000000007        0.0000000000000000     
   6.5000000000000000        0.0000000000000000     
   6.7000000000000011        0.0000000000000000     
   6.9000000000000004        0.0000000000000000     
   7.0999999999999996        0.0000000000000000     
   7.3000000000000007        0.0000000000000000     
   7.5000000000000000        0.0000000000000000     
   7.7000000000000011        0.0000000000000000     
   7.9000000000000004        0.0000000000000000     
   8.1000000000000014        0.0000000000000000     
   8.3000000000000007        0.0000000000000000     
   8.5000000000000000        0.0000000000000000     
   8.6999999999999993        0.0000000000000000     
   8.9000000000000004        0.0000000000000000     
   9.1000000000000014        0.0000000000000000     
   9.3000000000000007        0.0000000000000000     
   9.5000000000000000        0.0000000000000000     
   9.7000000000000011        0.0000000000000000     
   9.9000000000000004        0.0000000000000000     
   10.100000000000001        0.0000000000000000     
   10.300000000000001        0.0000000000000000     
   10.500000000000000        0.0000000000000000     
   10.700000000000001        0.0000000000000000     
   10.900000000000000        0.0000000000000000     
   11.100000000000001        0.0000000000000000     
   11.300000000000001        0.0000000000000000     
   11.500000000000000        0.0000000000000000     
   11.700000000000001        0.0000000000000000     
   11.900000000000000        0.0000000000000000     
   12.100000000000001        0.0000000000000000     
   12.300000000000001        0.0000000000000000     
   12.500000000000000        0.0000000000000000     
   12.700000000000001        0.0000000000000000     
   12.900000000000000        0.0000000000000000     
   13.100000000000001        0.0000000000000000     
   13.300000000000001        0.0000000000000000     
   13.500000000000000        0.0000000000000000     
   13.700000000000001        0.0000000000000000     
   13.900000000000000        0.0000000000000000     
   14.100000000000001        0.0000000000000000     
   14.300000000000001        0.0000000000000000     
   14.500000000000000        0.0000000000000000     
   14.700000000000001        0.0000000000000000     
   14.900000000000000        0.0000000000000000     
   15.100000000000001        0.0000000000000000     
   15.300000000000001        0.0000000000000000     
   15.500000000000000        0.0000000000000000     
   15.700000000000001        0.0000000000000000     
   15.900000000000000        0.0000000000000000     
   16.100000000000001        0.0000000000000000     
   16.300000000000001        0.0000000000000000     
   16.500000000000000        0.0000000000000000     
   16.700000000000003        0.0000000000000000     
   16.899999999999999        0.0000000000000000     
   17.100000000000001        0.0000000000000000     
   17.300000000000001        1.0000000000000000     
   17.500000000000000        0.0000000000000000     
   17.700000000000003        0.0000000000000000     
   17.899999999999999        0.0000000000000000     
   18.100000000000001        0.0000000000000000     
   18.300000000000001        0.0000000000000000     
   18.500000000000000        0.0000000000000000     
   18.700000000000003        0.0000000000000000     
   18.899999999999999        0.0000000000000000     
   19.100000000000001        0.0000000000000000     
   19.300000000000004        0.0000000000000000     
   19.500000000000000        0.0000000000000000     
   19.700000000000003        0.0000000000000000     
   19.899999999999999        0.0000000000000000     
   20.100000000000001        0.0000000000000000     
   20.300000000000004        0.0000000000000000     
   20.500000000000000        0.0000000000000000     
   20.700000000000003        0.0000000000000000     
   20.899999999999999        0.0000000000000000     
   21.100000000000001        0.0000000000000000     
   21.300000000000004        0.0000000000000000     
   21.500000000000000        0.0000000000000000     
   21.700000000000003        0.0000000000000000     
   21.899999999999999        0.0000000000000000     
   22.100000000000001        0.0000000000000000     
   22.300000000000004        0.0000000000000000     
   22.500000000000000        0.0000000000000000     
   22.700000000000003        0.0000000000000000     
   22.899999999999999        0.0000000000000000     
   23.100000000000001        0.0000000000000000     
   23.300000000000004        0.0000000000000000     
   23.500000000000000        0.0000000000000000     
   23.700000000000003        0.0000000000000000     
   23.899999999999999        0.0000000000000000     
   24.100000000000001        0.0000000000000000     
   24.300000000000004        0.0000000000000000     
   24.500000000000000        0.0000000000000000     
   24.700000000000003        0.0000000000000000     
   24.899999999999999        0.0000000000000000     
   25.100000000000001        0.0000000000000000     
   25.300000000000004        0.0000000000000000     
   25.500000000000000        0.0000000000000000     
   25.700000000000003        0.0000000000000000     
   25.899999999999999        0.0000000000000000     
   26.100000000000001        0.0000000000000000     
   26.300000000000004        0.0000000000000000     
   26.500000000000000        0.0000000000000000     
   26.700000000000003        0.0000000000000000     
   26.899999999999999        0.0000000000000000     
   27.100000000000001        0.0000000000000000     
   27.300000000000004        0.0000000000000000     
   27.500000000000000        0.0000000000000000     
   27.700000000000003        0.0000000000000000     
   27.899999999999999        0.0000000000000000     
   28.100000000000001        0.0000000000000000     
   28.300000000000004        0.0000000000000000     
   28.500000000000000        0.0000000000000000     
   28.700000000000003        0.0000000000000000     
   28.899999999999999        0.0000000000000000     
   29.100000000000001        0.0000000000000000     
   29.300000000000004        0.0000000000000000     
   29.500000000000000        0.0000000000000000     
   29.700000000000003        0.0000000000000000     
   29.899999999999999        0.0000000000000000     
   30.100000000000001        0.0000000000000000     
   30.300000000000004        0.0000000000000000     
   30.500000000000000        0.0000000000000000     
   30.700000000000003        0.0000000000000000     
   30.899999999999999        0.0000000000000000     
   31.100000000000001        0.0000000000000000     
   31.300000000000004        0.0000000000000000     
   31.500000000000000        0.0000000000000000     
   31.700000000000003        0.0000000000000000     
   31.899999999999999        0.0000000000000000     
   32.100000000000001        0.0000000000000000     
   32.299999999999997        0.0000000000000000     
   32.500000000000000        0.0000000000000000     
   32.700000000000003        0.0000000000000000     
   32.900000000000006        0.0000000000000000     
   33.100000000000001        0.0000000000000000     
   33.299999999999997        0.0000000000000000     
   33.500000000000000        0.0000000000000000     
   33.700000000000003        0.0000000000000000     
   33.900000000000006        0.0000000000000000     
   34.100000000000001        0.0000000000000000     
   34.299999999999997        0.0000000000000000     
   34.500000000000000        0.0000000000000000     
   34.700000000000003        0.0000000000000000     
   34.900000000000006        0.0000000000000000     
   35.100000000000001        0.0000000000000000     
   35.299999999999997        0.0000000000000000     
   35.500000000000000        0.0000000000000000     
   35.700000000000003        0.0000000000000000     
   35.900000000000006        0.0000000000000000     
   36.100000000000001        0.0000000000000000     
   36.299999999999997        0.0000000000000000     
   36.500000000000000        0.0000000000000000     
   36.700000000000003        0.0000000000000000     
   36.900000000000006        0.0000000000000000     
   37.100000000000001        0.0000000000000000     
   37.299999999999997        0.0000000000000000     
   37.500000000000000        0.0000000000000000     
   37.700000000000003        0.0000000000000000     
   37.900000000000006        0.0000000000000000     
   38.100000000000001        0.0000000000000000     
   38.300000000000004        0.0000000000000000     
   38.500000000000000        0.0000000000000000     
   38.700000000000003        0.0000000000000000     
   38.900000000000006        0.0000000000000000     
   39.100000000000001        0.0000000000000000     
   39.300000000000004        0.0000000000000000     
   39.500000000000000        0.0000000000000000     
   39.700000000000003        0.0000000000000000     
   39.900000000000006        0.0000000000000000     


  0.10000000000000001        0.0000000000000000     
  0.30000000000000004        0.0000000000000000     
  0.50000000000000000        0.0000000000000000     
  0.70000000000000007        0.0000000000000000     
  0.90000000000000002        8.0000000000000004E-004
   1.1000000000000001        0.0000000000000000     
   1.3000000000000003        0.0000000000000000     
   1.5000000000000000        0.0000000000000000     
   1.7000000000000002        0.0000000000000000     
   1.8999999999999999        8.0000000000000004E-004
   2.1000000000000001        8.0000000000000004E-004
   2.3000000000000003        1.6000000000000001E-003
   2.5000000000000000        8.0000000000000004E-004
   2.7000000000000002        8.0000000000000004E-004
   2.9000000000000004        8.0000000000000004E-004
   3.1000000000000001        1.6000000000000001E-003
   3.3000000000000003        8.0000000000000004E-004
   3.5000000000000000        0.0000000000000000     
   3.7000000000000002        3.2000000000000002E-003
   3.9000000000000004        8.0000000000000004E-004
   4.0999999999999996        8.0000000000000004E-004
   4.3000000000000007        4.0000000000000001E-003
   4.5000000000000000        4.0000000000000001E-003
   4.7000000000000011        4.0000000000000001E-003
   4.9000000000000004        2.3999999999999998E-003
   5.0999999999999996        4.0000000000000001E-003
   5.3000000000000007        4.7999999999999996E-003
   5.5000000000000000        3.2000000000000002E-003
   5.7000000000000011        4.0000000000000001E-003
   5.9000000000000004        5.5999999999999999E-003
   6.0999999999999996        4.7999999999999996E-003
   6.3000000000000007        8.0000000000000002E-003
   6.5000000000000000        3.2000000000000002E-003
   6.7000000000000011        1.1200000000000000E-002
   6.9000000000000004        8.0000000000000002E-003
   7.0999999999999996        3.2000000000000002E-003
   7.3000000000000007        8.0000000000000002E-003
   7.5000000000000000        8.8000000000000005E-003
   7.7000000000000011        1.0400000000000000E-002
   7.9000000000000004        4.0000000000000001E-003
   8.1000000000000014        1.2000000000000000E-002
   8.3000000000000007        9.5999999999999992E-003
   8.5000000000000000        1.1200000000000000E-002
   8.6999999999999993        5.5999999999999999E-003
   8.9000000000000004        8.0000000000000002E-003
   9.1000000000000014        1.0400000000000000E-002
   9.3000000000000007        1.3599999999999999E-002
   9.5000000000000000        1.1200000000000000E-002
   9.7000000000000011        5.5999999999999999E-003
   9.9000000000000004        1.0400000000000000E-002
   10.100000000000001        1.0400000000000000E-002
   10.300000000000001        8.0000000000000002E-003
   10.500000000000000        1.2000000000000000E-002
   10.700000000000001        6.4000000000000003E-003
   10.900000000000000        1.3599999999999999E-002
   11.100000000000001        9.5999999999999992E-003
   11.300000000000001        1.1200000000000000E-002
   11.500000000000000        1.2000000000000000E-002
   11.700000000000001        1.6799999999999999E-002
   11.900000000000000        1.6799999999999999E-002
   12.100000000000001        1.1200000000000000E-002
   12.300000000000001        8.0000000000000002E-003
   12.500000000000000        9.5999999999999992E-003
   12.700000000000001        1.1200000000000000E-002
   12.900000000000000        1.2000000000000000E-002
   13.100000000000001        1.0400000000000000E-002
   13.300000000000001        9.5999999999999992E-003
   13.500000000000000        1.2000000000000000E-002
   13.700000000000001        1.2800000000000001E-002
   13.900000000000000        1.4400000000000000E-002
   14.100000000000001        1.2800000000000001E-002
   14.300000000000001        1.2800000000000001E-002
   14.500000000000000        1.3599999999999999E-002
   14.700000000000001        8.0000000000000002E-003
   14.900000000000000        1.2000000000000000E-002
   15.100000000000001        2.1600000000000001E-002
   15.300000000000001        1.6799999999999999E-002
   15.500000000000000        9.5999999999999992E-003
   15.700000000000001        1.6799999999999999E-002
   15.900000000000000        1.0400000000000000E-002
   16.100000000000001        1.5200000000000000E-002
   16.300000000000001        2.0799999999999999E-002
   16.500000000000000        1.0400000000000000E-002
   16.700000000000003        1.5200000000000000E-002
   16.899999999999999        1.6000000000000000E-002
   17.100000000000001        1.7600000000000001E-002
   17.300000000000001        1.7600000000000001E-002
   17.500000000000000        1.6799999999999999E-002
   17.700000000000003        1.2000000000000000E-002
   17.899999999999999        1.1200000000000000E-002
   18.100000000000001        1.8400000000000000E-002
   18.300000000000001        9.5999999999999992E-003
   18.500000000000000        1.4400000000000000E-002
   18.700000000000003        1.1200000000000000E-002
   18.899999999999999        9.5999999999999992E-003
   19.100000000000001        4.7999999999999996E-003
   19.300000000000004        6.4000000000000003E-003
   19.500000000000000        7.1999999999999998E-003
   19.700000000000003        6.4000000000000003E-003
   19.899999999999999        8.8000000000000005E-003
   20.100000000000001        5.5999999999999999E-003
   20.300000000000004        5.5999999999999999E-003
   20.500000000000000        9.5999999999999992E-003
   20.700000000000003        6.4000000000000003E-003
   20.899999999999999        6.4000000000000003E-003
   21.100000000000001        6.4000000000000003E-003
   21.300000000000004        8.0000000000000002E-003
   21.500000000000000        6.4000000000000003E-003
   21.700000000000003        7.1999999999999998E-003
   21.899999999999999        5.5999999999999999E-003
   22.100000000000001        4.7999999999999996E-003
   22.300000000000004        4.7999999999999996E-003
   22.500000000000000        5.5999999999999999E-003
   22.700000000000003        5.5999999999999999E-003
   22.899999999999999        2.3999999999999998E-003
   23.100000000000001        1.6000000000000001E-003
   23.300000000000004        8.0000000000000004E-004
   23.500000000000000        2.3999999999999998E-003
   23.700000000000003        3.2000000000000002E-003
   23.899999999999999        6.4000000000000003E-003
   24.100000000000001        2.3999999999999998E-003
   24.300000000000004        4.7999999999999996E-003
   24.500000000000000        4.7999999999999996E-003
   24.700000000000003        0.0000000000000000     
   24.899999999999999        1.6000000000000001E-003
   25.100000000000001        4.0000000000000001E-003
   25.300000000000004        1.6000000000000001E-003
   25.500000000000000        1.6000000000000001E-003
   25.700000000000003        0.0000000000000000     
   25.899999999999999        2.3999999999999998E-003
   26.100000000000001        8.0000000000000004E-004
   26.300000000000004        8.0000000000000004E-004
   26.500000000000000        8.0000000000000004E-004
   26.700000000000003        1.6000000000000001E-003
   26.899999999999999        1.6000000000000001E-003
   27.100000000000001        8.0000000000000004E-004
   27.300000000000004        0.0000000000000000     
   27.500000000000000        1.6000000000000001E-003
   27.700000000000003        3.2000000000000002E-003
   27.899999999999999        8.0000000000000004E-004
   28.100000000000001        8.0000000000000004E-004
   28.300000000000004        3.2000000000000002E-003
   28.500000000000000        2.3999999999999998E-003
   28.700000000000003        8.0000000000000004E-004
   28.899999999999999        8.0000000000000004E-004
   29.100000000000001        1.6000000000000001E-003
   29.300000000000004        3.2000000000000002E-003
   29.500000000000000        1.6000000000000001E-003
   29.700000000000003        1.6000000000000001E-003
   29.899999999999999        3.2000000000000002E-003
   30.100000000000001        8.0000000000000004E-004
   30.300000000000004        1.6000000000000001E-003
   30.500000000000000        8.0000000000000004E-004
   30.700000000000003        8.0000000000000004E-004
   30.899999999999999        8.0000000000000004E-004
   31.100000000000001        0.0000000000000000     
   31.300000000000004        0.0000000000000000     
   31.500000000000000        0.0000000000000000     
   31.700000000000003        0.0000000000000000     
   31.899999999999999        8.0000000000000004E-004
   32.100000000000001        0.0000000000000000     
   32.299999999999997        8.0000000000000004E-004
   32.500000000000000        8.0000000000000004E-004
   32.700000000000003        0.0000000000000000     
   32.900000000000006        8.0000000000000004E-004
   33.100000000000001        8.0000000000000004E-004
   33.299999999999997        8.0000000000000004E-004
   33.500000000000000        8.0000000000000004E-004
   33.700000000000003        0.0000000000000000     
   33.900000000000006        0.0000000000000000     
   34.100000000000001        0.0000000000000000     
   34.299999999999997        0.0000000000000000     
   34.500000000000000        0.0000000000000000     
   34.700000000000003        0.0000000000000000     
   34.900000000000006        0.0000000000000000     
   35.100000000000001        0.0000000000000000     
   35.299999999999997        0.0000000000000000     
   35.500000000000000        0.0000000000000000     
   35.700000000000003        0.0000000000000000     
   35.900000000000006        0.0000000000000000     
   36.100000000000001        0.0000000000000000     
   36.299999999999997        0.0000000000000000     
   36.500000000000000        0.0000000000000000     
   36.700000000000003        8.0000000000000004E-004
   36.900000000000006        0.0000000000000000     
   37.100000000000001        0.0000000000000000     
   37.299999999999997        0.0000000000000000     
   37.500000000000000        0.0000000000000000     
   37.700000000000003        8.0000000000000004E-004
   37.900000000000006        0.0000000000000000     
   38.100000000000001        0.0000000000000000     
   38.300000000000004        0.0000000000000000     
   38.500000000000000        0.0000000000000000     
   38.700000000000003        0.0000000000000000     
   38.900000000000006        0.0000000000000000     
   39.100000000000001        0.0000000000000000     
   39.300000000000004        0.0000000000000000     
   39.500000000000000        0.0000000000000000     
   39.700000000000003        0.0000000000000000     
   39.900000000000006        0.0000000000000000     


  0.10000000000000001        0.0000000000000000     
  0.30000000000000004        0.0000000000000000     
  0.50000000000000000        0.0000000000000000     
  0.70000000000000007        0.0000000000000000     
  0.90000000000000002        0.0000000000000000     
   1.1000000000000001        0.0000000000000000     
   1.3000000000000003        0.0000000000000000     
   1.5000000000000000        0.0000000000000000     
   1.7000000000000002        0.0000000000000000     
   1.8999999999999999        0.0000000000000000     
   2.1000000000000001        0.0000000000000000     
   2.3000000000000003        0.0000000000000000     
   2.5000000000000000        0.0000000000000000     
   2.7000000000000002        0.0000000000000000     
   2.9000000000000004        0.0000000000000000     
   3.1000000000000001        0.0000000000000000     
   3.3000000000000003        0.0000000000000000     
   3.5000000000000000        0.0000000000000000     
   3.7000000000000002        0.0000000000000000     
   3.9000000000000004        0.0000000000000000     
   4.0999999999999996        0.0000000000000000     
   4.3000000000000007        0.0000000000000000     
   4.5000000000000000        0.0000000000000000     
   4.7000000000000011        0.0000000000000000     
   4.9000000000000004        0.0000000000000000     
   5.0999999999999996        0.0000000000000000     
   5.3000000000000007        0.0000000000000000     
   5.5000000000000000        0.0000000000000000     
   5.7000000000000011        0.0000000000000000     
   5.9000000000000004        0.0000000000000000     
   6.0999999999999996        0.0000000000000000     
   6.3000000000000007        0.0000000000000000     
   6.5000000000000000        0.0000000000000000     
   6.7000000000000011        0.0000000000000000     
   6.9000000000000004        0.0000000000000000     
   7.0999999999999996        0.0000000000000000     
   7.3000000000000007        0.0000000000000000     
   7.5000000000000000        0.0000000000000000     
   7.7000000000000011        0.0000000000000000     
   7.9000000000000004        0.0000000000000000     
   8.1000000000000014        0.0000000000000000     
   8.3000000000000007        0.0000000000000000     
   8.5000000000000000        0.0000000000000000     
   8.6999999999999993        0.0000000000000000     
   8.9000000000000004        0.0000000000000000     
   9.1000000000000014        0.0000000000000000     
   9.3000000000000007        0.0000000000000000     
   9.5000000000000000        0.0000000000000000     
   9.7000000000000011        0.0000000000000000     
   9.9000000000000004        0.0000000000000000     
   10.100000000000001        0.0000000000000000     
   10.300000000000001        0.0000000000000000     
   10.500000000000000        0.0000000000000000     
   10.700000000000001        0.0000000000000000     
   10.900000000000000        0.0000000000000000     
   11.100000000000001        0.0000000000000000     
   11.300000000000001        0.0000000000000000     
   11.500000000000000        0.0000000000000000     
   11.700000000000001        0.0000000000000000     
   11.900000000000000        0.0000000000000000     
   12.100000000000001        0.0000000000000000     
   12.300000000000001        0.0000000000000000     
   12.500000000000000        0.0000000000000000     
   12.700000000000001        0.0000000000000000     
   12.900000000000000        0.0000000000000000     
   13.100000000000001        0.0000000000000000     
   13.300000000000001        0.0000000000000000     
   13.500000000000000        0.0000000000000000     
   13.700000000000001        0.0000000000000000     
   13.900000000000000        0.0000000000000000     
   14.100000000000001        0.0000000000000000     
   14.300000000000001        0.0000000000000000     
   14.500000000000000        0.0000000000000000     
   14.700000000000001        0.0000000000000000     
   14.900000000000000        0.0000000000000000     
   15.100000000000001        0.0000000000000000     
   15.300000000000001        0.0000000000000000     
   15.500000000000000        0.0000000000000000     
   15.700000000000001        0.0000000000000000     
   15.900000000000000        0.0000000000000000     
   16.100000000000001        0.0000000000000000     
   16.300000000000001        0.0000000000000000     
   16.500000000000000        0.0000000000000000     
   16.700000000000003        0.0000000000000000     
   16.899999999999999        0.0000000000000000     
   17.100000000000001        0.0000000000000000     
   17.300000000000001        1.0000000000000000     
   17.500000000000000        0.0000000000000000     
   17.700000000000003        0.0000000000000000     
   17.899999999999999        0.0000000000000000     
   18.100000000000001        0.0000000000000000     
   18.300000000000001        0.0000000000000000     
   18.500000000000000        0.0000000000000000     
   18.700000000000003        0.0000000000000000     
   18.899999999999999        0.0000000000000000     
   19.100000000000001        0.0000000000000000     
   19.300000000000004        0.0000000000000000     
   19.500000000000000        0.0000000000000000     
   19.700000000000003        0.0000000000000000     
   19.899999999999999        0.0000000000000000     
   20.100000000000001        0.0000000000000000     
   20.300000000000004        0.0000000000000000     
   20.500000000000000        0.0000000000000000     
   20.700000000000003        0.0000000000000000     
   20.899999999999999        0.0000000000000000     
   21.100000000000001        0.0000000000000000     
   21.300000000000004        0.0000000000000000     
   21.500000000000000        0.0000000000000000     
   21.700000000000003        0.0000000000000000     
   21.899999999999999        0.0000000000000000     
   22.100000000000001        0.0000000000000000     
   22.300000000000004        0.0000000000000000     
   22.500000000000000        0.0000000000000000     
   22.700000000000003        0.0000000000000000     
   22.899999999999999        0.0000000000000000     
   23.100000000000001        0.0000000000000000     
   23.300000000000004        0.0000000000000000     
   23.500000000000000        0.0000000000000000     
   23.700000000000003        0.0000000000000000     
   23.899999999999999        0.0000000000000000     
   24.100000000000001        0.0000000000000000     
   24.300000000000004        0.0000000000000000     
   24.500000000000000        0.0000000000000000     
   24.700000000000003        0.0000000000000000     
   24.899999999999999        0.0000000000000000     
   25.100000000000001        0.0000000000000000     
   25.300000000000004        0.0000000000000000     
   25.500000000000000        0.0000000000000000     
   25.700000000000003        0.0000000000000000     
   25.899999999999999        0.0000000000000000     
   26.100000000000001        0.0000000000000000     
   26.300000000000004        0.0000000000000000     
   26.500000000000000        0.0000000000000000     
   26.700000000000003        0.0000000000000000     
   26.899999999999999        0.0000000000000000     
   27.100000000000001        0.0000000000000000     
   27.300000000000004        0.0000000000000000     
   27.500000000000000        0.0000000000000000     
   27.700000000000003        0.0000000000000000     
   27.899999999999999        0.0000000000000000     
   28.100000000000001        0.0000000000000000     
   28.300000000000004        0.0000000000000000     
   28.500000000000000        0.0000000000000000     
   28.700000000000003        0.0000000000000000     
   28.899999999999999        0.0000000000000000     
   29.100000000000001        0.0000000000000000     
   29.300000000000004        0.0000000000000000     
   29.500000000000000        0.0000000000000000     
   29.700000000000003        0.0000000000000000     
   29.899999999999999        0.0000000000000000     
   30.100000000000001        0.0000000000000000     
   30.300000000000004        0.0000000000000000     
   30.500000000000000        0.0000000000000000     
   30.700000000000003        0.0000000000000000     
   30.899999999999999        0.0000000000000000     
   31.100000000000001        0.0000000000000000     
   31.300000000000004        0.0000000000000000     
   31.500000000000000        0.0000000000000000     
   31.700000000000003        0.0000000000000000     
   31.899999999999999        0.0000000000000000     
   32.100000000000001        0.0000000000000000     
   32.299999999999997        0.0000000000000000     
   32.500000000000000        0.0000000000000000     
   32.700000000000003        0.0000000000000000     
   32.900000000000006        0.0000000000000000     
   33.100000000000001        0.0000000000000000     
   33.299999999999997        0.0000000000000000     
   33.500000000000000        0.0000000000000000     
   33.700000000000003        0.0000000000000000     
   33.900000000000006        0.0000000000000000     
   34.100000000000001        0.0000000000000000     
   34.299999999999997        0.0000000000000000     
   34.500000000000000        0.0000000000000000     
   34.700000000000003        0.0000000000000000     
   34.900000000000006        0.0000000000000000     
   35.100000000000001        0.0000000000000000     
   35.299999999999997        0.0000000000000000     
   35.500000000000000        0.0000000000000000     
   35.700000000000003        0.0000000000000000     
   35.900000000000006        0.0000000000000000     
   36.100000000000001        0.0000000000000000     
   36.299999999999997        0.0000000000000000     
   36.500000000000000        0.0000000000000000     
   36.700000000000003        0.0000000000000000     
   36.900000000000006        0.0000000000000000     
   37.100000000000001        0.0000000000000000     
   37.299999999999997        0.0000000000000000     
   37.500000000000000        0.0000000000000000     
   37.700000000000003        0.0000000000000000     
   37.900000000000006        0.0000000000000000     
   38.100000000000001        0.0000000000000000     
   38.300000000000004        0.0000000000000000     
   38.500000000000000        0.0000000000000000     
   38.700000000000003        0.0000000000000000     
   38.900000000000006        0.0000000000000000     
   39.100000000000001        0.0000000000000000     
   39.300000000000004        0.0000000000000000     
   39.500000000000000        0.0000000000000000     
   39.700000000000003        0.0000000000000000     
   39.900000000000006        0.0000000000000000     


  0.10000000000000001        0.0000000000000000     
  0.30000000000000004        0.0000000000000000     
  0.50000000000000000        0.0000000000000000     
  0.70000000000000007        0.0000000000000000     
  0.90000000000000002        0.0000000000000000     
   1.1000000000000001        0.0000000000000000     
   1.3000000000000003        0.0000000000000000     
   1.5000000000000000        0.0000000000000000     
   1.7000000000000002        8.0000000000000004E-004
   1.8999999999999999        0.0000000000000000     
   2.1000000000000001        8.0000000000000004E-004
   2.3000000000000003        1.6000000000000001E-003
   2.5000000000000000        3.2000000000000002E-003
   2.7000000000000002        8.0000000000000004E-004
   2.9000000000000004        2.3999999999999998E-003
   3.1000000000000001        2.3999999999999998E-003
   3.3000000000000003        1.6000000000000001E-003
   3.5000000000000000        1.6000000000000001E-003
   3.7000000000000002        3.2000000000000002E-003
   3.9000000000000004        8.0000000000000004E-004
   4.0999999999999996        3.2000000000000002E-003
   4.3000000000000007        1.6000000000000001E-003
   4.5000000000000000        2.3999999999999998E-003
   4.7000000000000011        4.0000000000000001E-003
   4.9000000000000004        2.3999999999999998E-003
   5.0999999999999996        6.4000000000000003E-003
   5.3000000000000007        4.7999999999999996E-003
   5.5000000000000000        3.2000000000000002E-003
   5.7000000000000011        4.7999999999999996E-003
   5.9000000000000004        4.7999999999999996E-003
   6.0999999999999996        4.0000000000000001E-003
   6.3000000000000007        4.0000000000000001E-003
   6.5000000000000000        3.2000000000000002E-003
   6.7000000000000011        8.8000000000000005E-003
   6.9000000000000004        5.5999999999999999E-003
   7.0999999999999996        1.2000000000000000E-002
   7.3000000000000007        8.0000000000000002E-003
   7.5000000000000000        9.5999999999999992E-003
   7.7000000000000011        7.1999999999999998E-003
   7.9000000000000004        8.0000000000000002E-003
   8.1000000000000014        1.1200000000000000E-002
   8.3000000000000007        1.2000000000000000E-002
   8.5000000000000000        7.1999999999999998E-003
   8.6999999999999993        1.0400000000000000E-002
   8.9000000000000004        1.0400000000000000E-002
   9.1000000000000014        9.5999999999999992E-003
   9.3000000000000007        8.8000000000000005E-003
   9.5000000000000000        1.2000000000000000E-002
   9.7000000000000011        8.8000000000000005E-003
   9.9000000000000004        1.2800000000000001E-002
   10.100000000000001        1.3599999999999999E-002
   10.300000000000001        1.2000000000000000E-002
   10.500000000000000        1.0400000000000000E-002
   10.700000000000001        1.1200000000000000E-002
   10.900000000000000        1.2000000000000000E-002
   11.100000000000001        1.5200000000000000E-002
   11.300000000000001        1.1200000000000000E-002
   11.500000000000000        1.2000000000000000E-002
   11.700000000000001        1.5200000000000000E-002
   11.900000000000000        1.0400000000000000E-002
   12.100000000000001        1.4400000000000000E-002
   12.300000000000001        1.3599999999999999E-002
   12.500000000000000        1.1200000000000000E-002
   12.700000000000001        1.2000000000000000E-002
   12.900000000000000        8.0000000000000002E-003
   13.100000000000001        2.0000000000000000E-002
   13.300000000000001        9.5999999999999992E-003
   13.500000000000000        1.4400000000000000E-002
   13.700000000000001        1.0400000000000000E-002
   13.900000000000000        9.5999999999999992E-003
   14.100000000000001        9.5999999999999992E-003
   14.300000000000001        9.5999999999999992E-003
   14.500000000000000        1.3599999999999999E-002
   14.700000000000001        1.1200000000000000E-002
   14.900000000000000        1.5200000000000000E-002
   15.100000000000001        1.2000000000000000E-002
   15.300000000000001        9.5999999999999992E-003
   15.500000000000000        1.2000000000000000E-002
   15.700000000000001        1.2000000000000000E-002
   15.900000000000000        1.1200000000000000E-002
   16.100000000000001        1.2800000000000001E-002
   16.300000000000001        1.3599999999999999E-002
   16.500000000000000        1.8400000000000000E-002
   16.700000000000003        1.2000000000000000E-002
   16.899999999999999        1.3599999999999999E-002
   17.100000000000001        1.4400000000000000E-002
   17.300000000000001        1.0400000000000000E-002
   17.500000000000000        1.0400000000000000E-002
   17.700000000000003        1.2000000000000000E-002
   17.899999999999999        1.0400000000000000E-002
   18.100000000000001        9.5999999999999992E-003
   18.300000000000001        9.5999999999999992E-003
   18.500000000000000        9.5999999999999992E-003
   18.700000000000003        8.0000000000000002E-003
   18.899999999999999        8.8000000000000005E-003
   19.100000000000001        8.0000000000000002E-003
   19.300000000000004        1.2000000000000000E-002
   19.500000000000000        8.0000000000000002E-003
   19.700000000000003        9.5999999999999992E-003
   19.899999999999999        7.1999999999999998E-003
   20.100000000000001        7.1999999999999998E-003
   20.300000000000004        1.0400000000000000E-002
   20.500000000000000        4.7999999999999996E-003
   20.700000000000003        5.5999999999999999E-003
   20.899999999999999        6.4000000000000003E-003
   21.100000000000001        5.5999999999999999E-003
   21.300000000000004        5.5999999999999999E-003
   21.500000000000000        5.5999999999999999E-003
   21.700000000000003        7.1999999999999998E-003
   21.899999999999999        3.2000000000000002E-003
   22.100000000000001        2.3999999999999998E-003
   22.300000000000004        7.1999999999999998E-003
   22.500000000000000        5.5999999999999999E-003
   22.700000000000003        8.8000000000000005E-003
   22.899999999999999        4.7999999999999996E-003
   23.100000000000001        4.0000000000000001E-003
   23.300000000000004        4.0000000000000001E-003
   23.500000000000000        4.0000000000000001E-003
   23.700000000000003        3.2000000000000002E-003
   23.899999999999999        2.3999999999999998E-003
   24.100000000000001        4.0000000000000001E-003
   24.300000000000004        8.0000000000000004E-004
   24.500000000000000        5.5999999999999999E-003
   24.700000000000003        2.3999999999999998E-003
   24.899999999999999        4.7999999999999996E-003
   25.100000000000001        5.5999999999999999E-003
   25.300000000000004        2.3999999999999998E-003
   25.500000000000000        1.6000000000000001E-003
   25.700000000000003        5.5999999999999999E-003
   25.899999999999999        2.3999999999999998E-003
   26.100000000000001        0.0000000000000000     
   26.300000000000004        1.6000000000000001E-003
   26.500000000000000        1.6000000000000001E-003
   26.700000000000003        4.7999999999999996E-003
   26.899999999999999        8.0000000000000004E-004
   27.100000000000001        0.0000000000000000     
   27.300000000000004        2.3999999999999998E-003
   27.500000000000000        4.0000000000000001E-003
   27.700000000000003        2.3999999999999998E-003
   27.899999999999999        1.6000000000000001E-003
   28.100000000000001        1.6000000000000001E-003
   28.300000000000004        8.0000000000000004E-004
   28.500000000000000        8.0000000000000004E-004
   28.700000000000003        1.6000000000000001E-003
   28.899999999999999        2.3999999999999998E-003
   29.100000000000001        8.0000000000000004E-004
   29.300000000000004        1.6000000000000001E-003
   29.500000000000000        8.0000000000000004E-004
   29.700000000000003        2.3999999999999998E-003
   29.899999999999999        0.0000000000000000     
   30.100000000000001        8.0000000000000004E-004
   30.300000000000004        8.0000000000000004E-004
   30.500000000000000        1.6000000000000001E-003
   30.700000000000003        0.0000000000000000     
   30.899999999999999        0.0000000000000000     
   31.100000000000001        8.0000000000000004E-004
   31.300000000000004        0.0000000000000000     
   31.500000000000000        8.0000000000000004E-004
   31.700000000000003        0.0000000000000000     
   31.899999999999999        1.6000000000000001E-003
   32.100000000000001        0.0000000000000000     
   32.299999999999997        8.0000000000000004E-004
   32.500000000000000        0.0000000000000000     
   32.700000000000003        8.0000000000000004E-004
   32.900000000000006        0.0000000000000000     
   33.100000000000001        8.0000000000000004E-004
   33.299999999999997        1.6000000000000001E-003
   33.500000000000000        0.0000000000000000     
   33.700000000000003        0.0000000000000000     
   33.900000000000006        8.0000000000000004E-004
   34.100000000000001        0.0000000000000000     
   34.299999999999997        8.0000000000000004E-004
   34.500000000000000        8.0000000000000004E-004
   34.700000000000003        0.0000000000000000     
   34.900000000000006        0.0000000000000000     
   35.100000000000001        0.0000000000000000     
   35.299999999999997        0.0000000000000000     
   35.500000000000000        0.0000000000000000     
   35.700000000000003        0.0000000000000000     
   35.900000000000006        0.0000000000000000     
   36.100000000000001        0.0000000000000000     
   36.299999999999997        0.0000000000000000     
   36.500000000000000        0.0000000000000000     
   36.700000000000003        0.0000000000000000     
   36.900000000000006        0.0000000000000000     
   37.100000000000001        0.0000000000000000     
   37.299999999999997        0.0000000000000000     
   37.500000000000000        0.0000000000000000     
   37.700000000000003        8.0000000000000004E-004
   37.900000000000006        0.0000000000000000     
   38.100000000000001        0.0000000000000000     
   38.300000000000004        0.0000000000000000     
   38.500000000000000        0.0000000000000000     
   38.700000000000003        0.0000000000000000     
   38.900000000000006        0.0000000000000000     
   39.100000000000001        0.0000000000000000     
   39.300000000000004        0.0000000000000000     
   39.500000000000000        0.0000000000000000     
   39.700000000000003        0.0000000000000000     
   39.900000000000006        0.0000000000000000     


  0.10000000000000001        0.0000000000000000     
  0.30000000000000004        0.0000000000000000     
  0.50000000000000000        0.0000000000000000     
  0.70000000000000007        0.0000000000000000     
  0.90000000000000002        0.0000000000000000     
   1.1000000000000001        0.0000000000000000     
   1.3000000000000003        0.0000000000000000     
   1.5000000000000000        0.0000000000000000     
   1.7000000000000002        0.0000000000000000     
   1.8999999999999999        0.0000000000000000     
   2.1000000000000001        0.0000000000000000     
   2.3000000000000003        0.0000000000000000     
   2.5000000000000000        0.0000000000000000     
   2.7000000000000002        0.0000000000000000     
   2.9000000000000004        0.0000000000000000     
   3.1000000000000001        0.0000000000000000     
   3.3000000000000003        0.0000000000000000     
   3.5000000000000000        0.0000000000000000     
   3.7000000000000002        0.0000000000000000     
   3.9000000000000004        0.0000000000000000     
   4.0999999999999996        0.0000000000000000     
   4.3000000000000007        0.0000000000000000     
   4.5000000000000000        0.0000000000000000     
   4.7000000000000011        0.0000000000000000     
   4.9000000000000004        0.0000000000000000     
   5.0999999999999996        0.0000000000000000     
   5.3000000000000007        0.0000000000000000     
   5.5000000000000000        0.0000000000000000     
   5.7000000000000011        0.0000000000000000     
   5.9000000000000004        0.0000000000000000     
   6.0999999999999996        0.0000000000000000     
   6.3000000000000007        0.0000000000000000     
   6.5000000000000000        0.0000000000000000     
   6.7000000000000011        0.0000000000000000     
   6.9000000000000004        0.0000000000000000     
   7.0999999999999996        0.0000000000000000     
   7.3000000000000007        0.0000000000000000     
   7.5000000000000000        0.0000000000000000     
   7.7000000000000011        0.0000000000000000     
   7.9000000000000004        0.0000000000000000     
   8.1000000000000014        0.0000000000000000     
   8.3000000000000007        0.0000000000000000     
   8.5000000000000000        0.0000000000000000     
   8.6999999999999993        0.0000000000000000     
   8.9000000000000004        0.0000000000000000     
   9.1000000000000014        0.0000000000000000     
   9.3000000000000007        0.0000000000000000     
   9.5000000000000000        0.0000000000000000     
   9.7000000000000011        0.0000000000000000     
   9.9000000000000004        0.0000000000000000     
   10.100000000000001        0.0000000000000000     
   10.300000000000001        0.0000000000000000     
   10.500000000000000        0.0000000000000000     
   10.700000000000001        0.0000000000000000     
   10.900000000000000        0.0000000000000000     
   11.100000000000001        0.0000000000000000     
   11.300000000000001        0.0000000000000000     
   11.500000000000000        0.0000000000000000     
   11.700000000000001        0.0000000000000000     
   11.900000000000000        0.0000000000000000     
   12.100000000000001        0.0000000000000000     
   12.300000000000001        0.0000000000000000     
   12.500000000000000        0.0000000000000000     
   12.700000000000001        0.0000000000000000     
   12.900000000000000        0.0000000000000000     
   13.100000000000001        0.0000000000000000     
   13.300000000000001        0.0000000000000000     
   13.500000000000000        0.0000000000000000     
   13.700000000000001        0.0000000000000000     
   13.900000000000000        0.0000000000000000     
   14.100000000000001        0.0000000000000000     
   14.300000000000001        0.0000000000000000     
   14.500000000000000        0.0000000000000000     
   14.700000000000001        0.0000000000000000     
   14.900000000000000        0.0000000000000000     
   15.100000000000001        0.0000000000000000     
   15.300000000000001        0.0000000000000000     
   15.500000000000000        0.0000000000000000     
   15.700000000000001        0.0000000000000000     
   15.900000000000000        0.0000000000000000     
   16.100000000000001        0.0000000000000000     
   16.300000000000001        0.0000000000000000     
   16.500000000000000        0.0000000000000000     
   16.700000000000003        0.0000000000000000     
   16.899999999999999        0.0000000000000000     
   17.100000000000001        0.0000000000000000     
   17.300000000000001        1.0000000000000000     
   17.500000000000000        0.0000000000000000     
   17.700000000000003        0.0000000000000000     
   17.899999999999999        0.0000000000000000     
   18.100000000000001        0.0000000000000000     
   18.300000000000001        0.0000000000000000     
   18.500000000000000        0.0000000000000000     
   18.700000000000003        0.0000000000000000     
   18.899999999999999        0.0000000000000000     
   19.100000000000001        0.0000000000000000     
   19.300000000000004        0.0000000000000000     
   19.500000000000000        0.0000000000000000     
   19.700000000000003        0.0000000000000000     
   19.899999999999999        0.0000000000000000     
   20.100000000000001        0.0000000000000000     
   20.300000000000004        0.0000000000000000     
   20.500000000000000        0.0000000000000000     
   20.700000000000003        0.0000000000000000     
   20.899999999999999        0.0000000000000000     
   21.100000000000001        0.0000000000000000     
   21.300000000000004        0.0000000000000000     
   21.500000000000000        0.0000000000000000     
   21.700000000000003        0.0000000000000000     
   21.899999999999999        0.0000000000000000     
   22.100000000000001        0.0000000000000000     
   22.300000000000004        0.0000000000000000     
   22.500000000000000        0.0000000000000000     
   22.700000000000003        0.0000000000000000     
   22.899999999999999        0.0000000000000000     
   23.100000000000001        0.0000000000000000     
   23.300000000000004        0.0000000000000000     
   23.500000000000000        0.0000000000000000     
   23.700000000000003        0.0000000000000000     
   23.899999999999999        0.0000000000000000     
   24.100000000000001        0.0000000000000000     
   24.300000000000004        0.0000000000000000     
   24.500000000000000        0.0000000000000000     
   24.700000000000003        0.0000000000000000     
   24.899999999999999        0.0000000000000000     
   25.100000000000001        0.0000000000000000     
   25.300000000000004        0.0000000000000000     
   25.500000000000000        0.0000000000000000     
   25.700000000000003        0.0000000000000000     
   25.899999999999999        0.0000000000000000     
   26.100000000000001        0.0000000000000000     
   26.300000000000004        0.0000000000000000     
   26.500000000000000        0.0000000000000000     
   26.700000000000003        0.0000000000000000     
   26.899999999999999        0.0000000000000000     
   27.100000000000001        0.0000000000000000     
   27.300000000000004        0.0000000000000000     
   27.500000000000000        0.0000000000000000     
   27.700000000000003        0.0000000000000000     
   27.899999999999999        0.0000000000000000     
   28.100000000000001        0.0000000000000000     
   28.300000000000004        0.0000000000000000     
   28.500000000000000        0.0000000000000000     
   28.700000000000003        0.0000000000000000     
   28.899999999999999        0.0000000000000000     
   29.100000000000001        0.0000000000000000     
   29.300000000000004        0.0000000000000000     
   29.500000000000000        0.0000000000000000     
   29.700000000000003        0.0000000000000000     
   29.899999999999999        0.0000000000000000     
   30.100000000000001        0.0000000000000000     
   30.300000000000004        0.0000000000000000     
   30.500000000000000        0.0000000000000000     
   30.700000000000003        0.0000000000000000     
   30.899999999999999        0.0000000000000000     
   31.100000000000001        0.0000000000000000     
   31.300000000000004        0.0000000000000000     
   31.500000000000000        0.0000000000000000     
   31.700000000000003        0.0000000000000000     
   31.899999999999999        0.0000000000000000     
   32.100000000000001        0.0000000000000000     
   32.299999999999997        0.0000000000000000     
   32.500000000000000        0.0000000000000000     
   32.700000000000003        0.0000000000000000     
   32.900000000000006        0.0000000000000000     
   33.100000000000001        0.0000000000000000     
   33.299999999999997        0.0000000000000000     
   33.500000000000000        0.0000000000000000     
   33.700000000000003        0.0000000000000000     
   33.900000000000006        0.0000000000000000     
   34.100000000000001        0.0000000000000000     
   34.299999999999997        0.0000000000000000     
   34.500000000000000        0.0000000000000000     
   34.700000000000003        0.0000000000000000     
   34.900000000000006        0.0000000000000000     
   35.100000000000001        0.0000000000000000     
   35.299999999999997        0.0000000000000000     
   35.500000000000000        0.0000000000000000     
   35.700000000000003        0.0000000000000000     
   35.900000000000006        0.0000000000000000     
   36.100000000000001        0.0000000000000000     
   36.299999999999997        0.0000000000000000     
   36.500000000000000        0.0000000000000000     
   36.700000000000003        0.0000000000000000     
   36.900000000000006        0.0000000000000000     
   37.100000000000001        0.0000000000000000     
   37.299999999999997        0.0000000000000000     
   37.500000000000000        0.0000000000000000     
   37.700000000000003        0.0000000000000000     
   37.900000000000006        0.0000000000000000     
   38.100000000000001        0.0000000000000000     
   38.300000000000004        0.0000000000000000     
   38.500000000000000        0.0000000000000000     
   38.700000000000003        0.0000000000000000     
   38.900000000000006        0.0000000000000000     
   39.100000000000001        0.0000000000000000     
   39.300000000000004        0.0000000000000000     
   39.500000000000000        0.0000000000000000     
   39.700000000000003        0.0000000000000000     
   39.900000000000006        0.0000000000000000     


  0.10000000000000001        0.0000000000000000     
  0.30000000000000004        0.0000000000000000     
  0.50000000000000000        0.0000000000000000     
  0.70000000000000007        0.0000000000000000     
  0.90000000000000002        0.0000000000000000     
   1.1000000000000001        0.0000000000000000     
   1.3000000000000003        0.0000000000000000     
   1.5000000000000000        0.0000000000000000     
   1.7000000000000002        8.0000000000000004E-004
   1.8999999999999999        0.0000000000000000     
   2.1000000000000001        2.3999999999999998E-003
   2.3000000000000003        0.0000000000000000     
   2.5000000000000000        8.0000000000000004E-004
   2.7000000000000002        0.0000000000000000     
   2.9000000000000004        4.0000000000000001E-003
   3.1000000000000001        2.3999999999999998E-003
   3.3000000000000003        2.3999999999999998E-003
   3.5000000000000000        2.3999999999999998E-003
   3.7000000000000002        8.0000000000000004E-004
   3.9000000000000004        4.0000000000000001E-003
   4.0999999999999996        1.6000000000000001E-003
   4.3000000000000007        3.2000000000000002E-003
   4.5000000000000000        4.7999999999999996E-003
   4.7000000000000011        3.2000000000000002E-003
   4.9000000000000004        4.0000000000000001E-003
   5.0999999999999996        2.3999999999999998E-003
   5.3000000000000007        2.3999999999999998E-003
   5.5000000000000000        8.8000000000000005E-003
   5.7000000000000011        8.8000000000000005E-003
   5.9000000000000004        5.5999999999999999E-003
   6.0999999999999996        1.6000000000000001E-003
   6.3000000000000007        8.8000000000000005E-003
   6.5000000000000000        7.1999999999999998E-003
   6.7000000000000011        4.0000000000000001E-003
   6.9000000000000004        6.4000000000000003E-003
   7.0999999999999996        9.5999999999999992E-003
   7.3000000000000007        1.0400000000000000E-002
   7.5000000000000000        6.4000000000000003E-003
   7.7000000000000011        7.1999999999999998E-003
   7.9000000000000004        8.8000000000000005E-003
   8.1000000000000014        3.2000000000000002E-003
   8.3000000000000007        3.2000000000000002E-003
   8.5000000000000000        8.8000000000000005E-003
   8.6999999999999993        5.5999999999999999E-003
   8.9000000000000004        1.7600000000000001E-002
   9.1000000000000014        1.0400000000000000E-002
   9.3000000000000007        8.0000000000000002E-003
   9.5000000000000000        9.5999999999999992E-003
   9.7000000000000011        6.4000000000000003E-003
   9.9000000000000004        8.0000000000000002E-003
   10.100000000000001        9.5999999999999992E-003
   10.300000000000001        1.2800000000000001E-002
   10.500000000000000        8.0000000000000002E-003
   10.700000000000001        9.5999999999999992E-003
   10.900000000000000        1.2800000000000001E-002
   11.100000000000001        1.2000000000000000E-002
   11.300000000000001        1.6799999999999999E-002
   11.500000000000000        7.1999999999999998E-003
   11.700000000000001        1.1200000000000000E-002
   11.900000000000000        8.8000000000000005E-003
   12.100000000000001        8.0000000000000002E-003
   12.300000000000001        1.2000000000000000E-002
   12.500000000000000        1.2800000000000001E-002
   12.700000000000001        9.5999999999999992E-003
   12.900000000000000        1.2800000000000001E-002
   13.100000000000001        1.3599999999999999E-002
   13.300000000000001        1.9199999999999998E-002
   13.500000000000000        9.5999999999999992E-003
   13.700000000000001        1.2800000000000001E-002
   13.900000000000000        1.4400000000000000E-002
   14.100000000000001        1.4400000000000000E-002
   14.300000000000001        9.5999999999999992E-003
   14.500000000000000        1.1200000000000000E-002
   14.700000000000001        1.5200000000000000E-002
   14.900000000000000        1.6000000000000000E-002
   15.100000000000001        8.8000000000000005E-003
   15.300000000000001        1.6000000000000000E-002
   15.500000000000000        7.1999999999999998E-003
   15.700000000000001        2.2400000000000000E-002
   15.900000000000000        1.6799999999999999E-002
   16.100000000000001        8.8000000000000005E-003
   16.300000000000001        1.0400000000000000E-002
   16.500000000000000        1.0400000000000000E-002
   16.700000000000003        1.3599999999999999E-002
   16.899999999999999        2.1600000000000001E-002
   17.100000000000001        8.8000000000000005E-003
   17.300000000000001        1.6000000000000000E-002
   17.500000000000000        1.6799999999999999E-002
   17.700000000000003        1.6000000000000000E-002
   17.899999999999999        8.8000000000000005E-003
   18.100000000000001        8.0000000000000002E-003
   18.300000000000001        1.2800000000000001E-002
   18.500000000000000        1.1200000000000000E-002
   18.700000000000003        1.2000000000000000E-002
   18.899999999999999        1.0400000000000000E-002
   19.100000000000001        8.8000000000000005E-003
   19.300000000000004        1.0400000000000000E-002
   19.500000000000000        1.1200000000000000E-002
   19.700000000000003        8.0000000000000002E-003
   19.899999999999999        6.4000000000000003E-003
   20.100000000000001        8.8000000000000005E-003
   20.300000000000004        4.7999999999999996E-003
   20.500000000000000        7.1999999999999998E-003
   20.700000000000003        7.1999999999999998E-003
   20.899999999999999        1.2000000000000000E-002
   21.100000000000001        5.5999999999999999E-003
   21.300000000000004        7.1999999999999998E-003
   21.500000000000000        8.0000000000000002E-003
   21.700000000000003        6.4000000000000003E-003
   21.899999999999999        4.7999999999999996E-003
   22.100000000000001        4.7999999999999996E-003
   22.300000000000004        4.0000000000000001E-003
   22.500000000000000        6.4000000000000003E-003
   22.700000000000003        3.2000000000000002E-003
   22.899999999999999        4.7999999999999996E-003
   23.100000000000001        6.4000000000000003E-003
   23.300000000000004        6.4000000000000003E-003
   23.500000000000000        4.7999999999999996E-003
   23.700000000000003        3.2000000000000002E-003
   23.899999999999999        3.2000000000000002E-003
   24.100000000000001        1.6000000000000001E-003
   24.300000000000004        4.0000000000000001E-003
   24.500000000000000        2.3999999999999998E-003
   24.700000000000003        0.0000000000000000     
   24.899999999999999        3.2000000000000002E-003
   25.100000000000001        4.0000000000000001E-003
   25.300000000000004        3.2000000000000002E-003
   25.500000000000000        2.3999999999999998E-003
   25.700000000000003        2.3999999999999998E-003
   25.899999999999999        2.3999999999999998E-003
   26.100000000000001        1.6000000000000001E-003
   26.300000000000004        1.6000000000000001E-003
   26.500000000000000        1.6000000000000001E-003
   26.700000000000003        0.0000000000000000     
   26.899999999999999        2.3999999999999998E-003
   27.100000000000001        3.2000000000000002E-003
   27.300000000000004        8.0000000000000004E-004
   27.500000000000000        1.6000000000000001E-003
   27.700000000000003        2.3999999999999998E-003
   27.899999999999999        0.0000000000000000     
   28.100000000000001        1.6000000000000001E-003
   28.300000000000004        8.0000000000000004E-004
   28.500000000000000        0.0000000000000000     
   28.700000000000003        5.5999999999999999E-003
   28.899999999999999        0.0000000000000000     
   29.100000000000001        8.0000000000000004E-004
   29.300000000000004        8.0000000000000004E-004
   29.500000000000000        8.0000000000000004E-004
   29.700000000000003        8.0000000000000004E-004
   29.899999999999999        8.0000000000000004E-004
   30.100000000000001        0.0000000000000000     
   30.300000000000004        8.0000000000000004E-004
   30.500000000000000        8.0000000000000004E-004
   30.700000000000003        8.0000000000000004E-004
   30.899999999999999        8.0000000000000004E-004
   31.100000000000001        8.0000000000000004E-004
   31.300000000000004        8.0000000000000004E-004
   31.500000000000000        0.0000000000000000     
   31.700000000000003        8.0000000000000004E-004
   31.899999999999999        0.0000000000000000     
   32.100000000000001        0.0000000000000000     
   32.299999999999997        8.0000000000000004E-004
   32.500000000000000        0.0000000000000000     
   32.700000000000003        0.0000000000000000     
   32.900000000000006        8.0000000000000004E-004
   33.100000000000001        8.0000000000000004E-004
   33.299999999999997        0.0000000000000000     
   33.500000000000000        0.0000000000000000     
   33.700000000000003        0.0000000000000000     
   33.900000000000006        0.0000000000000000     
   34.100000000000001        0.0000000000000000     
   34.299999999999997        0.0000000000000000     
   34.500000000000000        0.0000000000000000     
   34.700000000000003        0.0000000000000000     
   34.900000000000006        0.0000000000000000     
   35.100000000000001        0.0000000000000000     
   35.299999999999997        0.0000000000000000     
   35.500000000000000        0.0000000000000000     
   35.700000000000003        0.0000000000000000     
   35.900000000000006        8.0000000000000004E-004
   36.100000000000001        0.0000000000000000     
   36.299999999999997        0.0000000000000000     
   36.500000000000000        0.0000000000000000     
   36.700000000000003        0.0000000000000000     
   36.900000000000006        0.0000000000000000     
   37.100000000000001        0.0000000000000000     
   37.299999999999997        0.0000000000000000     
   37.500000000000000        0.0000000000000000     
   37.700000000000003        0.0000000000000000     
   37.900000000000006        0.0000000000000000     
   38.100000000000001        0.0000000000000000     
   38.300000000000004        1.6000000000000001E-003
   38.500000000000000        0.0000000000000000     
   38.700000000000003        0.0000000000000000     
   38.900000000000006        0.0000000000000000     
   39.100000000000001        0.0000000000000000     
   39.300000000000004        0.0000000000000000     
   39.500000000000000        0.0000000000000000     
   39.700000000000003        0.0000000000000000     
   39.900000000000006        0.0000000000000000     


