   6.3308893783291841E-005   9.3714367842226670E-004
   1.2661778756658368E-004   1.1714270515755013E-003
   1.8992668134987556E-004   1.8742785274239331E-003
   2.5323557513316737E-004   2.1085606895673561E-003
   3.1654446891645919E-004   2.8113994772550827E-003
   3.7985336269975113E-004   3.2799588476448965E-003
   4.4316225648304296E-004   3.2799535088586986E-003
   5.0647115026633473E-004   3.5142294566039064E-003
   5.6978004404962656E-004   3.5142256510893432E-003
   6.3308893783291839E-004   3.7485039518485889E-003
   6.9639783161621032E-004   3.9827803175820371E-003
   7.5970672539950226E-004   4.4513225370369450E-003
   8.2301561918279398E-004   4.9198606985962779E-003
   8.8632451296608592E-004   5.6226355272691302E-003
   9.4963340674937763E-004   5.8568958861953471E-003
   1.0129423005326695E-003   6.3254442829370891E-003
   1.0762511943159614E-003   6.5597050775888319E-003
   1.1395600880992531E-003   7.2624803193855570E-003
   1.2028689818825451E-003   7.9652690874605497E-003
   1.2661778756658368E-003   7.9652554402215373E-003
   1.3294867694491289E-003   7.9652429635042425E-003
   1.3927956632324206E-003   8.1995148098107738E-003
   1.4561045570157124E-003   8.1995045123863918E-003
   1.5194134507990045E-003   8.1994953841894331E-003
   1.5827223445822962E-003   8.1994874251922305E-003
   1.6460312383655880E-003   8.4337503316391053E-003
   1.7093401321488797E-003   8.6680004775050237E-003
   1.7726490259321718E-003   9.1364945164929944E-003
   1.8359579197154636E-003   9.6050146703233908E-003
   1.8992668134987553E-003   9.6050073169778680E-003
   1.9625757072820474E-003   1.0073520662164166E-002
   2.0258846010653389E-003   1.0307774450211138E-002
   2.0891934948486309E-003   1.0776255494537042E-002
   2.1525023886319228E-003   1.1479044744573067E-002
   2.2158112824152147E-003   1.1479036144798576E-002
   2.2791201761985062E-003   1.1479028694948872E-002
   2.3424290699817982E-003   1.2181783829785317E-002
   2.4057379637650901E-003   1.2650259538449247E-002
   2.4690468575483820E-003   1.2650250514541536E-002
   2.5323557513316735E-003   1.3118700213006757E-002
   2.5956646451149655E-003   1.3587202313731270E-002
   2.6589735388982579E-003   1.3821431036615718E-002
   2.7222824326815494E-003   1.3821420485607109E-002
   2.7855913264648413E-003   1.4055610137586281E-002
   2.8489002202481328E-003   1.4055599881727294E-002
   2.9122091140314247E-003   1.4524006935567397E-002
   2.9755180078147167E-003   1.4758260161636491E-002
   3.0388269015980090E-003   1.4992472087024474E-002
   3.1021357953813005E-003   1.5226651157142898E-002
   3.1654446891645925E-003   1.5460907235525413E-002
   3.2287535829478840E-003   1.6163694783196018E-002
   3.2920624767311759E-003   1.6163683628426209E-002
   3.3553713705144674E-003   1.6632149409116084E-002
   3.4186802642977594E-003   1.6866293358409484E-002
   3.4819891580810517E-003   1.7100479373277130E-002
   3.5452980518643437E-003   1.7568922970323302E-002
   3.6086069456476352E-003   1.8037363381035572E-002
   3.6719158394309271E-003   1.8739903055227061E-002
   3.7352247332142186E-003   1.9442627071416470E-002
   3.7985336269975105E-003   1.9676878179065365E-002
   3.8618425207808029E-003   2.0145272892038088E-002
   3.9251514145640948E-003   2.0145254333531416E-002
   3.9884603083473859E-003   2.0145238688484467E-002
   4.0517692021306779E-003   2.0379469832640277E-002
   4.1150780959139698E-003   2.0613689276822892E-002
   4.1783869896972617E-003   2.1082109440778062E-002
   4.2416958834805537E-003   2.1316262592615234E-002
   4.3050047772638456E-003   2.1550520471042570E-002
   4.3683136710471375E-003   2.1784698131137321E-002
   4.4316225648304295E-003   2.2018912926098172E-002
   4.4949314586137205E-003   2.2018895279227735E-002
   4.5582403523970125E-003   2.2721564339146971E-002
   4.6215492461803044E-003   2.2721547836276366E-002
   4.6848581399635963E-003   2.2721532440885157E-002
   4.7481670337468883E-003   2.3189867784755180E-002
   4.8114759275301802E-003   2.3423958565426190E-002
   4.8747848213134722E-003   2.3892148802663184E-002
   4.9380937150967641E-003   2.4126377819105076E-002
   5.0014026088800552E-003   2.4594845464182776E-002
   5.0647115026633471E-003   2.4594825051516261E-002
   5.1280203964466390E-003   2.5063146099671304E-002
   5.1913292902299310E-003   2.5063127141048275E-002
   5.2546381840132229E-003   2.5765782388044094E-002
   5.3179470777965157E-003   2.5999906948844853E-002
   5.3812559715798076E-003   2.6702415275370841E-002
   5.4445648653630987E-003   2.6702395831541721E-002
   5.5078737591463907E-003   2.7170917650357982E-002
   5.5711826529296826E-003   2.7639193636943227E-002
   5.6344915467129745E-003   2.8107482312479788E-002
   5.6978004404962656E-003   2.8107460622112494E-002
   5.7611093342795575E-003   2.8341615967798894E-002
   5.8244182280628495E-003   2.8809686315041542E-002
   5.8877271218461414E-003   2.9043796365313398E-002
   5.9510360156294333E-003   2.9277880658583416E-002
   6.0143449094127244E-003   2.9980337507735055E-002
   6.0776538031960181E-003   3.0917097906775177E-002
   6.1409626969793091E-003   3.1151227964487362E-002
   6.2042715907626011E-003   3.1151195255354008E-002
   6.2675804845458930E-003   3.1853416501701530E-002
   6.3308893783291850E-003   3.1853379813424225E-002
   6.3941982721124760E-003   3.2087558938317613E-002
   6.4575071658957680E-003   3.2555921026661466E-002
   6.5208160596790599E-003   3.2555885106733108E-002
   6.5841249534623518E-003   3.2790039330242084E-002
   6.6474338472456438E-003   3.3960874177152385E-002
   6.7107427410289348E-003   3.4195039682077571E-002
   6.7740516348122268E-003   3.4195000981682058E-002
   6.8373605285955187E-003   3.4429118282706200E-002
   6.9006694223788115E-003   3.4429080489159304E-002
   6.9639783161621035E-003   3.4897530807543410E-002
   7.0272872099453954E-003   3.4897494363204246E-002
   7.0905961037286873E-003   3.5131670571366569E-002
   7.1539049975119784E-003   3.5365839124439170E-002
   7.2172138912952703E-003   3.5834000428579843E-002
   7.2805227850785623E-003   3.5833966662224083E-002
   7.3438316788618542E-003   3.6536416382766945E-002
   7.4071405726451453E-003   3.6536382274445556E-002
   7.4704494664284372E-003   3.7238777411776162E-002
   7.5337583602117291E-003   3.8409625575694432E-002
   7.5970672539950211E-003   3.8643439909333797E-002
   7.6603761477783130E-003   3.9111636773679639E-002
   7.7236850415616058E-003   3.9579747875767270E-002
   7.7869939353448978E-003   3.9813763169319047E-002
   7.8503028291281897E-003   4.0047657580945896E-002
   7.9136117229114816E-003   4.0515900722511676E-002
   7.9769206166947718E-003   4.0515848678616413E-002
   8.0402295104780638E-003   4.0515797682333238E-002
   8.1035384042613557E-003   4.1452438912251935E-002
   8.1668472980446476E-003   4.1686427083319953E-002
   8.2301561918279396E-003   4.2154505265118686E-002
   8.2934650856112315E-003   4.2388721793863431E-002
   8.3567739793945234E-003   4.2388665167166550E-002
   8.4200828731778154E-003   4.2622598070473201E-002
   8.4833917669611073E-003   4.3090793180270516E-002
   8.5467006607443993E-003   4.3559139786308154E-002
   8.6100095545276912E-003   4.4261307830317627E-002
   8.6733184483109831E-003   4.4261245408659000E-002
   8.7366273420942751E-003   4.4495335984218898E-002
   8.7999362358775670E-003   4.4729497782541823E-002
   8.8632451296608589E-003   4.4963462827763007E-002
   8.9265540234441509E-003   4.5431559807555325E-002
   8.9898629172274411E-003   4.5665388208812843E-002
   9.0531718110107330E-003   4.6133667162212434E-002
   9.1164807047940249E-003   4.6133601668783150E-002
   9.1797895985773169E-003   4.6367731545146236E-002
   9.2430984923606088E-003   4.7070062135011068E-002
   9.3064073861439008E-003   4.7772223262003012E-002
   9.3697162799271927E-003   4.8006280265612253E-002
   9.4330251737104846E-003   4.8942724488487195E-002
   9.4963340674937766E-003   4.8942654014784766E-002
   9.5596429612770685E-003   4.9410713040729817E-002
   9.6229518550603604E-003   4.9878902551099058E-002
   9.6862607488436524E-003   5.0112897688992165E-002
   9.7495696426269443E-003   5.0346922336292031E-002
   9.8128785364102362E-003   5.0580989633887859E-002
   9.8761874301935282E-003   5.1049099378593872E-002
   9.9394963239768201E-003   5.1517100857755231E-002
   1.0002805217760110E-002   5.1517024214707108E-002
   1.0066114111543402E-002   5.1750966475264878E-002
   1.0129423005326694E-002   5.1984782270400216E-002
   1.0192731899109988E-002   5.2218803425730029E-002
   1.0256040792893278E-002   5.2452841137755113E-002
   1.0319349686676570E-002   5.2452763205245133E-002
   1.0382658580459862E-002   5.2452686858525444E-002
   1.0445967474243154E-002   5.2452611532026468E-002
   1.0509276368026446E-002   5.3622912752645559E-002
   1.0572585261809739E-002   5.3622832459319772E-002
   1.0635894155593031E-002   5.4091083165931302E-002
   1.0699203049376323E-002   5.4559274309602002E-002
   1.0762511943159615E-002   5.5027191180826059E-002
   1.0825820836942905E-002   5.5495496911061558E-002
   1.0889129730726197E-002   5.5963610936407789E-002
   1.0952438624509489E-002   5.6431751524466715E-002
   1.1015747518292781E-002   5.6899941650965638E-002
   1.1079056412076073E-002   5.6899860305244881E-002
   1.1142365305859365E-002   5.7133927156314920E-002
   1.1205674199642657E-002   5.7133847000798772E-002
   1.1268983093425949E-002   5.7367874698351126E-002
   1.1332291987209241E-002   5.7367796466320641E-002
   1.1395600880992531E-002   5.7367719229654071E-002
   1.1458909774775823E-002   5.7601743220273886E-002
   1.1522218668559115E-002   5.8069749846468739E-002
   1.1585527562342407E-002   5.8537657513471120E-002
   1.1648836456125699E-002   5.9005558187338769E-002
   1.1712145349908991E-002   5.9473491209627090E-002
   1.1775454243692283E-002   6.0175623078791145E-002
   1.1838763137475575E-002   6.0409712958099035E-002
   1.1902072031258867E-002   6.0409625873045748E-002
   1.1965380925042159E-002   6.0877424821120206E-002
   1.2028689818825449E-002   6.1345398705513463E-002
   1.2091998712608741E-002   6.1579225796437584E-002
   1.2155307606392036E-002   6.2515365581595206E-002
   1.2218616500175326E-002   6.3217449774130643E-002
   1.2281925393958618E-002   6.3685446296930251E-002
   1.2345234287741910E-002   6.3919443955581287E-002
   1.2408543181525202E-002   6.4153354669928372E-002
   1.2471852075308494E-002   6.4387380726443871E-002
   1.2535160969091786E-002   6.4621467382948536E-002
   1.2598469862875078E-002   6.4621375826440383E-002
   1.2661778756658370E-002   6.5323590791634842E-002
   1.2725087650441662E-002   6.5791621944374781E-002
   1.2788396544224952E-002   6.6259521316755776E-002
   1.2851705438008244E-002   6.6961788957906304E-002
   1.2915014331791536E-002   6.6961690138790511E-002
   1.2978323225574828E-002   6.7195713830377743E-002
   1.3041632119358120E-002   6.7429713636295158E-002
   1.3104941013141412E-002   6.8131636776798787E-002
   1.3168249906924704E-002   6.8599793244432078E-002
   1.3231558800707996E-002   6.9301671936997683E-002
   1.3294867694491288E-002   6.9769652424405235E-002
   1.3358176588274579E-002   7.0237881207760602E-002
   1.3421485482057870E-002   7.0237781475181324E-002
   1.3484794375841162E-002   7.1173854496026340E-002
   1.3548103269624454E-002   7.1641783549626151E-002
   1.3611412163407745E-002   7.1875693710470548E-002
   1.3674721057191037E-002   7.1875589748200491E-002
   1.3738029950974329E-002   7.2343823549515601E-002
   1.3801338844757623E-002   7.2811808982384096E-002
   1.3864647738540915E-002   7.3045500844108907E-002
   1.3927956632324207E-002   7.3045394803408020E-002
   1.3991265526107499E-002   7.3279563205321113E-002
   1.4054574419890791E-002   7.3279464841592423E-002
   1.4117883313674083E-002   7.3747545179733809E-002
   1.4181192207457375E-002   7.3747446930683191E-002
   1.4244501101240665E-002   7.4215316967553582E-002
   1.4307809995023957E-002   7.5151229587624074E-002
   1.4371118888807249E-002   7.5619017143494616E-002
   1.4434427782590541E-002   7.5618911536665376E-002
   1.4497736676373833E-002   7.5852946691780138E-002
   1.4561045570157125E-002   7.6087017458535675E-002
   1.4624354463940416E-002   7.6086915228767968E-002
   1.4687663357723708E-002   7.6554664307924875E-002
   1.4750972251507000E-002   7.6788372289823298E-002
   1.4814281145290291E-002   7.6788267746415617E-002
   1.4877590039073582E-002   7.7256376690068060E-002
   1.4940898932856874E-002   7.7256272436117962E-002
   1.5004207826640166E-002   7.7256172474453669E-002
   1.5067516720423458E-002   7.7724141434369232E-002
   1.5130825614206750E-002   7.8192354053135293E-002
   1.5194134507990042E-002   7.8426355988019975E-002
   1.5257443401773334E-002   7.9362446913141982E-002
   1.5320752295556626E-002   7.9362343490877840E-002
   1.5384061189339918E-002   7.9830145602882194E-002
   1.5447370083123212E-002   8.0064078864228311E-002
   1.5510678976906504E-002   8.0532136552705871E-002
   1.5573987870689796E-002   8.0766142600012455E-002
   1.5637296764473087E-002   8.0999786497240975E-002
   1.5700605658256379E-002   8.1233741998991763E-002
   1.5763914552039671E-002   8.1702035703606887E-002
   1.5827223445822963E-002   8.1701930109497695E-002
   1.5890532339606255E-002   8.2169800618232036E-002
   1.5953841233389544E-002   8.2403810231788763E-002
   1.6017150127172836E-002   8.2871569777191192E-002
   1.6080459020956128E-002   8.3339447906028333E-002
   1.6143767914739419E-002   8.3807290130646445E-002
   1.6207076808522711E-002   8.4509217140745080E-002
   1.6270385702306003E-002   8.5211279074393229E-002
   1.6333694596089295E-002   8.5211164095196260E-002
   1.6397003489872587E-002   8.5444931282440337E-002
   1.6460312383655879E-002   8.5444818987344823E-002
   1.6523621277439171E-002   8.5444707544003601E-002
   1.6586930171222463E-002   8.5912875012361722E-002
   1.6650239065005755E-002   8.6146746403031174E-002
   1.6713547958789047E-002   8.6380437066621005E-002
   1.6776856852572339E-002   8.6380327694701137E-002
   1.6840165746355631E-002   8.6613953140461317E-002
   1.6903474640138923E-002   8.6848058689118893E-002
   1.6966783533922215E-002   8.7081852891791600E-002
   1.7030092427705507E-002   8.7549417081263403E-002
   1.7093401321488799E-002   8.7783141970045372E-002
   1.7156710215272090E-002   8.7783028765242521E-002
   1.7220019109055382E-002   8.8016961045655470E-002
   1.7283328002838674E-002   8.8016848179692270E-002
   1.7346636896621966E-002   8.8484693652785731E-002
   1.7409945790405258E-002   8.8718788550478336E-002
   1.7473254684188550E-002   8.8952720009744385E-002
   1.7536563577971842E-002   8.9420681674325639E-002
   1.7599872471755134E-002   8.9654457566895079E-002
   1.7663181365538426E-002   8.9654339889081419E-002
   1.7726490259321718E-002   8.9654223054218926E-002
   1.7789799153105010E-002   8.9654107090461330E-002
   1.7853108046888302E-002   9.0122023757818887E-002
   1.7916416940671594E-002   9.0589514173770869E-002
   1.7979725834454882E-002   9.0823559159874293E-002
   1.8043034728238174E-002   9.0823441737409694E-002
   1.8106343622021466E-002   9.1291444925670970E-002
   1.8169652515804758E-002   9.1525217173545503E-002
   1.8232961409588050E-002   9.1993289665977057E-002
   1.8296270303371342E-002   9.2461181946197304E-002
   1.8359579197154634E-002   9.3396317204404625E-002
   1.8422888090937926E-002   9.3864043301982253E-002
   1.8486196984721218E-002   9.4565714351136226E-002
   1.8549505878504510E-002   9.5033782994847396E-002
   1.8612814772287802E-002   9.5501372588876685E-002
   1.8676123666071097E-002   9.5501246961219019E-002
   1.8739432559854385E-002   9.6202419522365079E-002
   1.8802741453637677E-002   9.6670330880694530E-002
   1.8866050347420969E-002   9.6904142593279535E-002
   1.8929359241204261E-002   9.7137993869174460E-002
   1.8992668134987553E-002   9.7371977028971171E-002
   1.9055977028770845E-002   9.7839706873012494E-002
   1.9119285922554137E-002   9.8307432321552285E-002
   1.9182594816337429E-002   9.8307304991754121E-002
   1.9245903710120721E-002   9.8775116894955925E-002
   1.9309212603904013E-002   9.9009128102136787E-002
   1.9372521497687305E-002   9.9009001581203682E-002
   1.9435830391470597E-002   9.9710584622639334E-002
   1.9499139285253889E-002  0.10017868548019197     
   1.9562448179037181E-002  0.10017855558026316     
   1.9625757072820472E-002  0.10017842662095702     
   1.9689065966603764E-002  0.10041252420573619     
   1.9752374860387056E-002  0.10041239675922033     
   1.9815683754170348E-002  0.10017799316320712     
   1.9878992647953640E-002  0.10064613260087674     
   1.9942301541736932E-002  0.10111406547284178     
   2.0005610435520221E-002  0.10134769670775826     
   2.0068919329303513E-002  0.10134757175050864     
   2.0132228223086805E-002  0.10181491063921835     
   2.0195537116870096E-002  0.10181478392667827     
   2.0258846010653388E-002  0.10275010540241354     
   2.0322154904436684E-002  0.10345119418571978     
   2.0385463798219976E-002  0.10415236217410317     
   2.0448772692003268E-002  0.10438635182594565     
   2.0512081585786556E-002  0.10438621648133016     
   2.0575390479569848E-002  0.10462016893801963     
   2.0638699373353140E-002  0.10462003757360230     
   2.0702008267136432E-002  0.10461990835980445     
   2.0765317160919724E-002  0.10461978001843408     
   2.0828626054703016E-002  0.10508734799818892     
   2.0891934948486308E-002  0.10555561175687335     
   2.0955243842269600E-002  0.10555548565023914     
   2.1018552736052892E-002  0.10555536287933433     
   2.1081861629836187E-002  0.10555524373593908     
   2.1145170523619479E-002  0.10555512548935538     
   2.1208479417402771E-002  0.10602269121532484     
   2.1271788311186063E-002  0.10625674035635294     
   2.1335097204969355E-002  0.10672456293304565     
   2.1398406098752647E-002  0.10695855064359634     
   2.1461714992535939E-002  0.10719234424864731     
   2.1525023886319231E-002  0.10789388930050675     
   2.1588332780102519E-002  0.10836141242802637     
   2.1651641673885811E-002  0.10882958453086607     
   2.1714950567669103E-002  0.10906315731944700     
   2.1778259461452395E-002  0.10906302844572006     
   2.1841568355235687E-002  0.10906290044105649     
   2.1904877249018979E-002  0.10929683469627270     
   2.1968186142802271E-002  0.10929671169725685     
   2.2031495036585563E-002  0.10976476296124910     
   2.2094803930368855E-002  0.10999826846096078     
   2.2158112824152146E-002  0.11023236560703052     
   2.2221421717935438E-002  0.11069966162163039     
   2.2284730611718730E-002  0.11116697010554741     
   2.2348039505502022E-002  0.11116684242846089     
   2.2411348399285314E-002  0.11116648467688528     
   2.2474657293068606E-002  0.11140036911880988     
   2.2537966186851898E-002  0.11163419365076419     
   2.2601275080635190E-002  0.11256914143624053     
   2.2664583974418482E-002  0.11303697949672649     
   2.2727892868201774E-002  0.11303684812148498     
   2.2791201761985062E-002  0.11350467270922747     
   2.2854510655768354E-002  0.11373858972807982     
   2.2917819549551646E-002  0.11397191603700366     
   2.2981128443334938E-002  0.11443980639429302     
   2.3044437337118230E-002  0.11420539474820492     
   2.3107746230901522E-002  0.11443922507339467     
   2.3171055124684814E-002  0.11467307260480990     
   2.3234364018468106E-002  0.11560755079697477     
   2.3297672912251398E-002  0.11584130397087793     
   2.3360981806034690E-002  0.11654254032146374     
   2.3424290699817982E-002  0.11701034283777317     
   2.3487599593601274E-002  0.11700991043281612     
   2.3550908487384566E-002  0.11700977230655231     
   2.3614217381167858E-002  0.11700963505292376     
   2.3677526274951149E-002  0.11700949866257840     
   2.3740835168734441E-002  0.11724327100740824     
   2.3804144062517733E-002  0.11724313511469198     
   2.3867452956301025E-002  0.11724315787636630     
   2.3930761850084317E-002  0.11771128615227078     
   2.3994070743867606E-002  0.11771124149934559     
   2.4057379637650898E-002  0.11817848037590113     
   2.4120688531434190E-002  0.11841233402400875     
   2.4183997425217481E-002  0.11887981130368611     
   2.4247306319000773E-002  0.11911369546611414     
   2.4310615212784072E-002  0.11911355820275639     
   2.4373924106567361E-002  0.11958125343307624     
   2.4437233000350653E-002  0.11958111682462198     
   2.4500541894133945E-002  0.11958098103049304     
   2.4563850787917237E-002  0.12028301202342878     
   2.4627159681700529E-002  0.12028287428132889     
   2.4690468575483820E-002  0.12051666631171329     
   2.4753777469267112E-002  0.12075067693360478     
   2.4817086363050404E-002  0.12075053999794924     
   2.4880395256833696E-002  0.12098370517235627     
   2.4943704150616988E-002  0.12121751960197782     
   2.5007013044400280E-002  0.12145153648522765     
   2.5070321938183572E-002  0.12121712160104424     
   2.5133630831966864E-002  0.12191902842242799     
   2.5196939725750156E-002  0.12215304121147534     
   2.5260248619533448E-002  0.12238606385474954     
   2.5323557513316740E-002  0.12238593241643482     
   2.5386866407100032E-002  0.12285326737737039     
   2.5450175300883324E-002  0.12332010440675290     
   2.5513484194666616E-002  0.12425443517088845     
   2.5576793088449904E-002  0.12472156477742413     
   2.5640101982233196E-002  0.12495527985102049     
   2.5703410876016488E-002  0.12542329037461020     
   2.5766719769799780E-002  0.12542315468864471     
   2.5830028663583072E-002  0.12589088873791068     
   2.5893337557366364E-002  0.12612480301969001     
   2.5956646451149656E-002  0.12612466746053860     
   2.6019955344932948E-002  0.12635881050273684     
   2.6083264238716240E-002  0.12682616726721530     
   2.6146573132499532E-002  0.12729395459976831     
   2.6209882026282823E-002  0.12776199385046103     
   2.6273190920066115E-002  0.12776185359800032     
   2.6336499813849407E-002  0.12776171414457901     
   2.6399808707632699E-002  0.12822911008028329     
   2.6463117601415991E-002  0.12869609520790343     
   2.6526426495199283E-002  0.12916375620697032     
   2.6589735388982575E-002  0.12986526184359823     
   2.6653044282765867E-002  0.12986511428239186     
   2.6716353176549159E-002  0.13033268459708433     
   2.6779662070332451E-002  0.13033254018604695     
   2.6842970964115739E-002  0.13056609728249860     
   2.6906279857899031E-002  0.13079985222622048     
   2.6969588751682323E-002  0.13103363442540411     
   2.7032897645465615E-002  0.13150155217228340     
   2.7096206539248907E-002  0.13196927843504269     
   2.7159515433032199E-002  0.13196913455994455     
   2.7222824326815491E-002  0.13196899145437466     
   2.7286133220598783E-002  0.13220238499509362     
   2.7349442114382075E-002  0.13266971851661338     
   2.7412751008165367E-002  0.13266957794217166     
   2.7476059901948659E-002  0.13290301935251975     
   2.7539368795731951E-002  0.13360378169941053     
   2.7602677689515246E-002  0.13383751583813949     
   2.7665986583298538E-002  0.13430533923412949     
   2.7729295477081830E-002  0.13430501155976363     
   2.7792604370865122E-002  0.13453807761055489     
   2.7855913264648414E-002  0.13453793085762061     
   2.7919222158431706E-002  0.13453778483278495     
   2.7982531052214998E-002  0.13477179186641963     
   2.8045839945998290E-002  0.13477164708348288     
   2.8109148839781582E-002  0.13477150411328057     
   2.8172457733564873E-002  0.13500519422216561     
   2.8235766627348165E-002  0.13523951146646590     
   2.8299075521131457E-002  0.13523937451774765     
   2.8362384414914749E-002  0.13570719154138353     
   2.8425693308698038E-002  0.13570705394753563     
   2.8489002202481330E-002  0.13570691706673679     
   2.8552311096264622E-002  0.13594040627870063     
   2.8615619990047914E-002  0.13640696988964121     
   2.8678928883831206E-002  0.13687398149670829     
   2.8742237777614497E-002  0.13734127913924987     
   2.8805546671397789E-002  0.13757512631559018     
   2.8868855565181081E-002  0.13757465317929540     
   2.8932164458964373E-002  0.13757451374320878     
   2.8995473352747665E-002  0.13804184717761739     
   2.9058782246530957E-002  0.13850887612779558     
   2.9122091140314249E-002  0.13850873263447189     
   2.9185400034097541E-002  0.13827438573745299     
   2.9248708927880833E-002  0.13850773151393900     
   2.9312017821664125E-002  0.13920995173194273     
   2.9375326715447417E-002  0.13944369145525731     
   2.9438635609230709E-002  0.13967813258004211     
   2.9501944503014001E-002  0.13991186582784679     
   2.9565253396797293E-002  0.14014588547682727     
   2.9628562290580581E-002  0.14061335461779606     
   2.9691871184363873E-002  0.14061321205415780     
   2.9755180078147165E-002  0.14084712857364523     
   2.9818488971930457E-002  0.14131505737450506     
   2.9881797865713749E-002  0.14201576386003301     
   2.9945106759497041E-002  0.14201561900456730     
   3.0008415653280333E-002  0.14248388439051671     
   3.0071724547063625E-002  0.14295119590930630     
   3.0135033440846917E-002  0.14295105070622602     
   3.0198342334630209E-002  0.14295090623536477     
   3.0261651228413500E-002  0.14365109387755090     
   3.0324960122196792E-002  0.14388485466868153     
   3.0388269015980084E-002  0.14435217849838941     
   3.0451577909763376E-002  0.14458600059276316     
   3.0514886803546668E-002  0.14458584965589322     
   3.0578195697329960E-002  0.14481973629127987     
   3.0641504591113252E-002  0.14505346934504748     
   3.0704813484896544E-002  0.14505332077162386     
   3.0768122378679836E-002  0.14528682415017291     
   3.0831431272463131E-002  0.14552093752828157     
   3.0894740166246423E-002  0.14575463579660941     
   3.0958049060029715E-002  0.14575448748308278     
   3.1021357953813007E-002  0.14645440865158621     
   3.1084666847596299E-002  0.14598581666725191     
   3.1147975741379591E-002  0.14621957803627189     
   3.1211284635162879E-002  0.14668653423360326     
   3.1274593528946175E-002  0.14692014148739532     
   3.1337902422729463E-002  0.14738708894828317     
   3.1401211316512759E-002  0.14762121204677214     
   3.1464520210296047E-002  0.14762106175021719     
   3.1527829104079343E-002  0.14785471428598912     
   3.1591137997862631E-002  0.14808871069671956     
   3.1654446891645927E-002  0.14808856462479192     
   3.1717755785429215E-002  0.14832204884052555     
   3.1781064679212510E-002  0.14878876478405789     
   3.1844373572995799E-002  0.14948821564116849     
   3.1907682466779087E-002  0.14995566836702914     
   3.1970991360562383E-002  0.15018914949378179     
   3.2034300254345671E-002  0.15018899768949420     
   3.2097609148128967E-002  0.15065711118298303     
   3.2160918041912255E-002  0.15065696120524744     
   3.2224226935695550E-002  0.15112485168459136     
   3.2287535829478839E-002  0.15135826365047561     
   3.2350844723262134E-002  0.15159155830235124     
   3.2414153617045423E-002  0.15182539398746372     
   3.2477462510828718E-002  0.15229205149198521     
   3.2540771404612007E-002  0.15252543120861606     
   3.2604080298395302E-002  0.15252527409090394     
   3.2667389192178591E-002  0.15322610168645892     
   3.2730698085961886E-002  0.15416139054919534     
   3.2794006979745174E-002  0.15416122957083167     
   3.2857315873528470E-002  0.15486175182723044     
   3.2920624767311758E-002  0.15462736658199550     
   3.2983933661095054E-002  0.15462720522171788     
   3.3047242554878342E-002  0.15462649236181386     
   3.3110551448661631E-002  0.15486011003321601     
   3.3173860342444926E-002  0.15485994862208211     
   3.3237169236228215E-002  0.15509365081402718     
   3.3300478130011510E-002  0.15509348796307884     
   3.3363787023794798E-002  0.15532677917426277     
   3.3427095917578094E-002  0.15555967571593496     
   3.3490404811361382E-002  0.15602696754568909     
   3.3553713705144678E-002  0.15649479666029853     
   3.3617022598927966E-002  0.15649463158787211     
   3.3680331492711262E-002  0.15696229070573534     
   3.3743640386494550E-002  0.15719598192083267     
   3.3806949280277845E-002  0.15719581570197669     
   3.3870258174061134E-002  0.15742923609637990     
   3.3933567067844429E-002  0.15742907240208945     
   3.3996875961627718E-002  0.15766290191049678     
   3.4060184855411013E-002  0.15836373389337863     
   3.4123493749194309E-002  0.15836356820228586     
   3.4186802642977597E-002  0.15883118648622382     
   3.4250111536760892E-002  0.15883102041598610     
   3.4313420430544181E-002  0.15883085600842040     
   3.4376729324327476E-002  0.15883069430951707     
   3.4440038218110765E-002  0.15906407508564899     
   3.4503347111894060E-002  0.15929766897345607     
   3.4566656005677349E-002  0.15976361749585014     
   3.4629964899460644E-002  0.15999734299761237     
   3.4693273793243933E-002  0.16023108473679046     
   3.4756582687027221E-002  0.16046484584793796     
   3.4819891580810516E-002  0.16093192696490258     
   3.4883200474593805E-002  0.16116534014957398     
   3.4946509368377100E-002  0.16186658502969112     
   3.5009818262160389E-002  0.16209989126918040     
   3.5073127155943684E-002  0.16233359277332207     
   3.5136436049726973E-002  0.16256747358330376     
   3.5199744943510268E-002  0.16303435558512536     
   3.5263053837293556E-002  0.16326821836599986     
   3.5326362731076852E-002  0.16396929336914337     
   3.5389671624860140E-002  0.16396913024490933     
   3.5452980518643436E-002  0.16467089397168136     
   3.5516289412426724E-002  0.16490424134478598     
   3.5579598306210020E-002  0.16513797477196901     
   3.5642907199993308E-002  0.16537111960816098     
   3.5706216093776603E-002  0.16583797697614555     
   3.5769524987559892E-002  0.16630580333359826     
   3.5832833881343187E-002  0.16653926728988031     
   3.5896142775126476E-002  0.16677274506928422     
   3.5959451668909764E-002  0.16700633407271362     
   3.6022760562693060E-002  0.16700576158719957     
   3.6086069456476348E-002  0.16723925345961974     
   3.6149378350259644E-002  0.16747302412500184     
   3.6212687244042932E-002  0.16747286520355051     
   3.6275996137826227E-002  0.16770625724391755     
   3.6339305031609516E-002  0.16793962888366698     
   3.6402613925392811E-002  0.16864146781439890     
   3.6465922819176100E-002  0.16864130367082730     
   3.6529231712959395E-002  0.16864114153690818     
   3.6592540606742684E-002  0.16864098001517341     
   3.6655849500525979E-002  0.16864081921618679     
   3.6719158394309268E-002  0.16887484289974339     
   3.6782467288092563E-002  0.16887468285896814     
   3.6845776181875851E-002  0.16887452882596479     
   3.6909085075659147E-002  0.16934160933254686     
   3.6972393969442435E-002  0.16980881905735137     
   3.7035702863225731E-002  0.16980893799760505     
   3.7099011757009019E-002  0.17074217323260749     
   3.7162320650792308E-002  0.17074201625231689     
   3.7225629544575603E-002  0.17074072298868301     
   3.7288938438358898E-002  0.17074077900663928     
   3.7352247332142194E-002  0.17120773478767343     
   3.7415556225925482E-002  0.17144061754415346     
   3.7478865119708771E-002  0.17167440856950025     
   3.7542174013492066E-002  0.17190773605501633     
   3.7605482907275355E-002  0.17190757622427436     
   3.7668791801058650E-002  0.17190741702055595     
   3.7732100694841939E-002  0.17260832423756578     
   3.7795409588625234E-002  0.17260816329305709     
   3.7858718482408522E-002  0.17260753475406179     
   3.7922027376191818E-002  0.17284092581162824     
   3.7985336269975106E-002  0.17307482772220961     
   3.8048645163758402E-002  0.17377426071947649     
   3.8111954057541690E-002  0.17377409626710574     
   3.8175262951324986E-002  0.17377393248661502     
   3.8238571845108274E-002  0.17377382391535379     
   3.8301880738891569E-002  0.17400689288815552     
   3.8365189632674858E-002  0.17400672395807523     
   3.8428498526458153E-002  0.17447441643040471     
   3.8491807420241442E-002  0.17494159237992701     
   3.8555116314024737E-002  0.17564293603965078     
   3.8618425207808026E-002  0.17634357871001716     
   3.8681734101591314E-002  0.17681120085604568     
   3.8745042995374609E-002  0.17704508281744949     
   3.8808351889157898E-002  0.17727831458608051     
   3.8871660782941193E-002  0.17727814762347618     
   3.8934969676724482E-002  0.17727798657769142     
   3.8998278570507777E-002  0.17774450150758953     
   3.9061587464291066E-002  0.17844491253397093     
   3.9124896358074361E-002  0.17867815419000860     
   3.9188205251857650E-002  0.17891147625460863     
   3.9251514145640945E-002  0.17867750530021184     
   3.9314823039424233E-002  0.17914522789655699     
   3.9378131933207529E-002  0.17914506137253666     
   3.9441440826990817E-002  0.17937894988449807     
   3.9504749720774113E-002  0.17984554302495101     
   3.9568058614557401E-002  0.18031354441349978     
   3.9631367508340697E-002  0.18054710388806669     
   3.9694676402123985E-002  0.18077975145046091     
   3.9757985295907280E-002  0.18101344137927416     
   3.9821294189690569E-002  0.18101292818711409     
   3.9884603083473864E-002  0.18148041034607398     
   3.9947911977257153E-002  0.18148024887489783     
   4.0011220871040441E-002  0.18148008871425220     
   4.0074529764823737E-002  0.18171376683348930     
   4.0137838658607025E-002  0.18194739559278297     
   4.0201147552390321E-002  0.18194723781438030     
   4.0264456446173609E-002  0.18194707890137463     
   4.0327765339956904E-002  0.18194692077154476     
   4.0391074233740193E-002  0.18218016656411487     
   4.0454383127523488E-002  0.18218000831738490     
   4.0517692021306777E-002  0.18241359535903778     
   4.0581000915090072E-002  0.18241343890442996     
   4.0644309808873368E-002  0.18217947512402066     
   4.0707618702656656E-002  0.18217932217890254     
   4.0770927596439951E-002  0.18241172431511063     
   4.0834236490223240E-002  0.18264504497786158     
   4.0897545384006535E-002  0.18264488993379385     
   4.0960854277789824E-002  0.18311228997689871     
   4.1024163171573112E-002  0.18334584785243985     
   4.1087472065356408E-002  0.18427872180649066     
   4.1150780959139696E-002  0.18474564327745344     
   4.1214089852922992E-002  0.18474548280234609     
   4.1277398746706280E-002  0.18521277957108065     
   4.1340707640489575E-002  0.18567975064970357     
   4.1404016534272864E-002  0.18591298781602170     
   4.1467325428056159E-002  0.18637911940511173     
   4.1530634321839448E-002  0.18684735571750957     
   4.1593943215622743E-002  0.18708117976671321     
   4.1657252109406032E-002  0.18754847579080158     
   4.1720561003189327E-002  0.18778222479991363     
   4.1783869896972615E-002  0.18848332928815212     
   4.1847178790755911E-002  0.18871694377684711     
   4.1910487684539199E-002  0.18871583526007396     
   4.1973796578322495E-002  0.18871566853392469     
   4.2037105472105783E-002  0.18894929027219584     
   4.2100414365889079E-002  0.18941617270171898     
   4.2163723259672374E-002  0.18964989572739649     
   4.2227032153455663E-002  0.19011735727819262     
   4.2290341047238958E-002  0.19058455231068566     
   4.2353649941022246E-002  0.19081834841591361     
   4.2416958834805542E-002  0.19128559750965651     
   4.2480267728588830E-002  0.19128543133787040     
   4.2543576622372126E-002  0.19128526585365926     
   4.2606885516155414E-002  0.19151912420964895     
   4.2670194409938710E-002  0.19198691848602198     
   4.2733503303721991E-002  0.19198675528350823     
   4.2796812197505293E-002  0.19245287405221673     
   4.2860121091288575E-002  0.19268592144148589     
   4.2923429985071877E-002  0.19338708620350040     
   4.2986738878855159E-002  0.19338691458484147     
   4.3050047772638461E-002  0.19338674392831423     
   4.3113356666421743E-002  0.19315299559598739     
   4.3176665560205038E-002  0.19315282727158553     
   4.3239974453988327E-002  0.19315265969974149     
   4.3303283347771622E-002  0.19385329627291817     
   4.3366592241554910E-002  0.19385312801401680     
   4.3429901135338206E-002  0.19408669284187299     
   4.3493210029121494E-002  0.19408652822288378     
   4.3556518922904790E-002  0.19431936964756857     
   4.3619827816688078E-002  0.19455157457076000     
   4.3683136710471374E-002  0.19455141080909505     
   4.3746445604254662E-002  0.19478454183684363     
   4.3809754498037957E-002  0.19501736712430193     
   4.3873063391821246E-002  0.19501720124765451     
   4.3936372285604541E-002  0.19618569064743618     
   4.3999681179387830E-002  0.19688603807656208     
   4.4062990073171125E-002  0.19735330603201029     
   4.4126298966954414E-002  0.19781950315194879     
   4.4189607860737709E-002  0.19852051688624228     
   4.4252916754520998E-002  0.19852033957702903     
   4.4316225648304293E-002  0.19898722273418371     
   4.4379534542087581E-002  0.19898704439782219     
   4.4442843435870877E-002  0.19945414453160543     
   4.4506152329654165E-002  0.19968773599469805     
   4.4569461223437461E-002  0.20015568482302257     
   4.4632770117220749E-002  0.20015550809871532     
   4.4696079011004045E-002  0.20038941256203724     
   4.4759387904787333E-002  0.20038844808118739     
   4.4822696798570628E-002  0.20085608814584213     
   4.4886005692353917E-002  0.20109013557395033     
   4.4949314586137212E-002  0.20108941722766652     
   4.5012623479920501E-002  0.20155463717263408     
   4.5075932373703796E-002  0.20132038435120841     
   4.5139241267487085E-002  0.20155434092128618     
   4.5202550161270380E-002  0.20132004172270768     
   4.5265859055053662E-002  0.20131985563245750     
   4.5329167948836964E-002  0.20131967014865396     
   4.5392476842620259E-002  0.20248678197966963     
   4.5455785736403548E-002  0.20318874980333732     
   4.5519094630186843E-002  0.20318855800525126     
   4.5582403523970125E-002  0.20389043254518738     
   4.5645712417753427E-002  0.20389032187327424     
   4.5709021311536709E-002  0.20412418011527980     
   4.5772330205320011E-002  0.20459024676944881     
   4.5835639099103292E-002  0.20459005383774806     
   4.5898947992886588E-002  0.20458986162387180     
   4.5962256886669876E-002  0.20482365024431157     
   4.6025565780453172E-002  0.20505629373206694     
   4.6088874674236460E-002  0.20575693205570472     
   4.6152183568019756E-002  0.20599045335115865     
   4.6215492461803044E-002  0.20622365708254253     
   4.6278801355586340E-002  0.20645665175356434     
   4.6342110249369628E-002  0.20692406398402910     
   4.6405419143152923E-002  0.20692387070253596     
   4.6468728036936212E-002  0.20715717507453935     
   4.6532036930719507E-002  0.20809134966962733     
   4.6595345824502796E-002  0.20832444791870985     
   4.6658654718286091E-002  0.20902530905571104     
   4.6721963612069380E-002  0.20949153354929043     
   4.6785272505852675E-002  0.20995790084767291     
   4.6848581399635963E-002  0.21019037462942347     
   4.6911890293419259E-002  0.21042424871476301     
   4.6975199187202547E-002  0.21089176499848675     
   4.7038508080985843E-002  0.21159221967446101     
   4.7101816974769131E-002  0.21159202031787822     
   4.7165125868552427E-002  0.21159111978267287     
   4.7228434762335715E-002  0.21205803262987213     
   4.7291743656119010E-002  0.21205783208217671     
   4.7355052549902299E-002  0.21275723823902701     
   4.7418361443685594E-002  0.21299070601212733     
   4.7481670337468883E-002  0.21299023455089128     
   4.7544979231252178E-002  0.21345754855749838     
   4.7608288125035467E-002  0.21345733979390413     
   4.7671597018818762E-002  0.21345713161830066     
   4.7734905912602051E-002  0.21369092758508712     
   4.7798214806385346E-002  0.21369071848000751     
   4.7861523700168634E-002  0.21392362469967099     
   4.7924832593951930E-002  0.21438992662218900     
   4.7988141487735211E-002  0.21415597193471705     
   4.8051450381518514E-002  0.21415575930991235     
   4.8114759275301795E-002  0.21462251215332800     
   4.8178068169085098E-002  0.21462230180742928     
   4.8241377062868379E-002  0.21555574260295982     
   4.8304685956651681E-002  0.21625652325900899     
   4.8367994850434963E-002  0.21625630646235211     
   4.8431303744218258E-002  0.21672268294365257     
   4.8494612638001547E-002  0.21672247049946783     
   4.8557921531784842E-002  0.21695620777945301     
   4.8621230425568145E-002  0.21742277301772403     
   4.8684539319351426E-002  0.21765620285307638     
   4.8747848213134722E-002  0.21765598856435109     
   4.8811157106918010E-002  0.21812326849406849     
   4.8874466000701305E-002  0.21835723954449168     
   4.8937774894484594E-002  0.21835702345475264     
   4.9001083788267889E-002  0.21859081397545271     
   4.9064392682051178E-002  0.21859059607104403     
   4.9127701575834473E-002  0.21882289556336926     
   4.9191010469617762E-002  0.21952283170355830     
   4.9254319363401057E-002  0.22022391904437566     
   4.9317628257184346E-002  0.22092444092157157     
   4.9380937150967641E-002  0.22092421885613958     
   4.9444246044750929E-002  0.22069053762933880     
   4.9507554938534225E-002  0.22139041277453159     
   4.9570863832317513E-002  0.22115643141193350     
   4.9634172726100809E-002  0.22115621075403435     
   4.9697481619884097E-002  0.22115548995279055     
   4.9760790513667393E-002  0.22138856807079457     
   4.9824099407450681E-002  0.22138834912493599     
   4.9887408301233976E-002  0.22068676892539255     
   4.9950717195017265E-002  0.22092022995292546     
   5.0014026088800560E-002  0.22045236685310735     
   5.0077334982583849E-002  0.22068637051348342     
   5.0140643876367144E-002  0.22091922400327640     
   5.0203952770150433E-002  0.22162008383857035     
   5.0267261663933728E-002  0.22185356239385065     
   5.0330570557717016E-002  0.22185333513938618     
   5.0393879451500312E-002  0.22208689530590306     
   5.0457188345283600E-002  0.22208667246095523     
   5.0520497239066896E-002  0.22232040646988474     
   5.0583806132850184E-002  0.22278733062998740     
   5.0647115026633480E-002  0.22278710707936428     
   5.0710423920416768E-002  0.22302019456989972     
   5.0773732814200064E-002  0.22348756537313921     
   5.0837041707983345E-002  0.22371996859358620     
   5.0900350601766647E-002  0.22371974785221277     
   5.0963659495549929E-002  0.22395340195594482     
   5.1026968389333231E-002  0.22418608086989045     
   5.1090277283116513E-002  0.22418586199924637     
   5.1153586176899808E-002  0.22418539382686364     
   5.1216895070683097E-002  0.22418436069425016     
   5.1280203964466392E-002  0.22418414104559670     
   5.1343512858249681E-002  0.22441697308679470     
   5.1406821752032976E-002  0.22441675569148373     
   5.1470130645816264E-002  0.22441653887576835     
   5.1533439539599560E-002  0.22488358255682836     
   5.1596748433382848E-002  0.22488336633766690     
   5.1660057327166144E-002  0.22488315259526676     
   5.1723366220949432E-002  0.22558386211770662     
   5.1786675114732728E-002  0.22628418321066474     
   5.1849984008516016E-002  0.22628396829606390     
   5.1913292902299311E-002  0.22628375378794774     
   5.1976601796082607E-002  0.22675055294965063     
   5.2039910689865895E-002  0.22675039490160848     
   5.2103219583649191E-002  0.22675018008054851     
   5.2166528477432479E-002  0.22674990106173259     
   5.2229837371215775E-002  0.22675010260151315     
   5.2293146264999063E-002  0.22698401625968306     
   5.2356455158782358E-002  0.22721703079627895     
   5.2419764052565647E-002  0.22721682040517993     
   5.2483072946348942E-002  0.22745001805804652     
   5.2546381840132231E-002  0.22768355013382854     
   5.2609690733915526E-002  0.22791701501403053     
   5.2672999627698815E-002  0.22838418482476214     
   5.2736308521482110E-002  0.22861657723405743     
   5.2799617415265399E-002  0.22861636550904915     
   5.2862926309048694E-002  0.22884823988113595     
   5.2926235202831982E-002  0.22884802714594724     
   5.2989544096615278E-002  0.22931510705355912     
   5.3052852990398566E-002  0.22908063861957190     
   5.3116161884181862E-002  0.22908042643085430     
   5.3179470777965150E-002  0.22931357085675860     
   5.3242779671748446E-002  0.23001045566370479     
   5.3306088565531734E-002  0.23047841791507798     
   5.3369397459315029E-002  0.23117758907639369     
   5.3432706353098318E-002  0.23117736810572251     
   5.3496015246881613E-002  0.23164396819946531     
   5.3559324140664902E-002  0.23164374912612587     
   5.3622633034448197E-002  0.23187714137102206     
   5.3685941928231479E-002  0.23187692280766511     
   5.3749250822014781E-002  0.23211087435259573     
   5.3812559715798063E-002  0.23257850425894397     
   5.3875868609581365E-002  0.23304468445105667     
   5.3939177503364646E-002  0.23304446744954743     
   5.4002486397147942E-002  0.23327809241022729     
   5.4065795290931230E-002  0.23374459384429511     
   5.4129104184714526E-002  0.23421192008959058     
   5.4192413078497814E-002  0.23421170267819783     
   5.4255721972281110E-002  0.23421148835117489     
   5.4319030866064398E-002  0.23444521704989005     
   5.4382339759847693E-002  0.23467856736044332     
   5.4445648653630982E-002  0.23514564379882555     
   5.4508957547414277E-002  0.23561322682970676     
   5.4572266441197566E-002  0.23584574664390920     
   5.4635575334980861E-002  0.23631238617298539     
   5.4698884228764150E-002  0.23607818163216829     
   5.4762193122547445E-002  0.23677774496078802     
   5.4825502016330734E-002  0.23701169176826090     
   5.4888810910114029E-002  0.23701147903531236     
   5.4952119803897317E-002  0.23724469123885608     
   5.5015428697680613E-002  0.23747800403453795     
   5.5078737591463901E-002  0.23817864142849662     
   5.5142046485247197E-002  0.23887907767270983     
   5.5205355379030492E-002  0.23911129298049727     
   5.5268664272813781E-002  0.23911108073790946     
   5.5331973166597076E-002  0.23957755651232801     
   5.5395282060380364E-002  0.23957734256316085     
   5.5458590954163660E-002  0.24027774773109317     
   5.5521899847946948E-002  0.24051169098143554     
   5.5585208741730244E-002  0.24097712646616778     
   5.5648517635513532E-002  0.24097690867481347     
   5.5711826529296828E-002  0.24097669154084003     
   5.5775135423080116E-002  0.24144357098663394     
   5.5838444316863411E-002  0.24167722902281663     
   5.5901753210646700E-002  0.24167701800842492     
   5.5965062104429995E-002  0.24214466013211644     
   5.6028370998213284E-002  0.24214445041974511     
   5.6091679891996579E-002  0.24237787051096846     
   5.6154988785779868E-002  0.24237766344942496     
   5.6218297679563163E-002  0.24261096759135711     
   5.6281606573346452E-002  0.24307814741109765     
   5.6344915467129747E-002  0.24354453868764300     
   5.6408224360913028E-002  0.24377840562608483     
   5.6471533254696331E-002  0.24424599509100145     
   5.6534842148479612E-002  0.24424578432968189     
   5.6598151042262915E-002  0.24518109846584765     
   5.6661459936046196E-002  0.24541410592491178     
   5.6724768829829499E-002  0.24541389211577211     
   5.6788077723612780E-002  0.24564735180196068     
   5.6851386617396076E-002  0.24588031566380386     
   5.6914695511179364E-002  0.24634691269544484     
   5.6978004404962659E-002  0.24657847168159192     
   5.7041313298745948E-002  0.24681211583175655     
   5.7104622192529243E-002  0.24681190160019126     
   5.7167931086312532E-002  0.24704526480824873     
   5.7231239980095827E-002  0.24751209159312049     
   5.7294548873879116E-002  0.24774593580796467     
   5.7357857767662411E-002  0.24797970616689047     
   5.7421166661445699E-002  0.24797949652697782     
   5.7484475555228995E-002  0.24797928832404131     
   5.7547784449012283E-002  0.24797882960248704     
   5.7611093342795579E-002  0.24821279866206444     
   5.7674402236578867E-002  0.24821162048588633     
   5.7737711130362163E-002  0.24797814128387197     
   5.7801020024145451E-002  0.24821190570420609     
   5.7864328917928746E-002  0.24821170225327813     
   5.7927637811712035E-002  0.24844482708775026     
   5.7990946705495330E-002  0.24867726148250122     
   5.8054255599278619E-002  0.24891067629770175     
   5.8117564493061914E-002  0.24914387684481526     
   5.8180873386845203E-002  0.24961071038356783     
   5.8244182280628498E-002  0.25031205140058554     
   5.8307491174411787E-002  0.25054519767010147     
   5.8370800068195082E-002  0.25054499034830618     
   5.8434108961978377E-002  0.25054478833064386     
   5.8497417855761666E-002  0.25054458713954053     
   5.8560726749544961E-002  0.25101128146426249     
   5.8624035643328250E-002  0.25124516346954567     
   5.8687344537111545E-002  0.25171260327290940     
   5.8750653430894834E-002  0.25171240198328748     
   5.8813962324678129E-002  0.25171220124459859     
   5.8877271218461417E-002  0.25147827120279964     
   5.8940580112244713E-002  0.25147807280788176     
   5.9003889006028001E-002  0.25241198076962157     
   5.9067197899811297E-002  0.25311187382802275     
   5.9130506793594585E-002  0.25311166697108389     
   5.9193815687377881E-002  0.25311111058664104     
   5.9257124581161162E-002  0.25311089977686546     
   5.9320433474944465E-002  0.25334372779974584     
   5.9383742368727746E-002  0.25380866200900487     
   5.9447051262511048E-002  0.25380846020290915     
   5.9510360156294330E-002  0.25380783695264142     
   5.9573669050077632E-002  0.25380763554475094     
   5.9636977943860914E-002  0.25404083963031932     
   5.9700286837644209E-002  0.25427334749060493     
   5.9763595731427498E-002  0.25427314607197155     
   5.9826904625210793E-002  0.25450713045997470     
   5.9890213518994082E-002  0.25450484646542310     
   5.9953522412777377E-002  0.25427047931479829     
   6.0016831306560665E-002  0.25426952677632664     
   6.0080140200343961E-002  0.25450298796854903     
   6.0143449094127249E-002  0.25450279534366782     
   6.0206757987910545E-002  0.25473472964666266     
   6.0270066881693833E-002  0.25496762624911384     
   6.0333375775477129E-002  0.25543479172951966     
   6.0396684669260417E-002  0.25590115740410907     
   6.0459993563043712E-002  0.25636910240400967     
   6.0523302456827001E-002  0.25683553044067436     
   6.0586611350610296E-002  0.25683533042439205     
   6.0649920244393585E-002  0.25753341722771678     
   6.0713229138176880E-002  0.25753321437318816     
   6.0776538031960169E-002  0.25776728745577193     
   6.0839846925743464E-002  0.25776708833126538     
   6.0903155819526753E-002  0.25776689171103606     
   6.0966464713310048E-002  0.25776504874393602     
   6.1029773607093336E-002  0.25753082910338337     
   6.1093082500876632E-002  0.25799673115064992     
   6.1156391394659920E-002  0.25846203690033370     
   6.1219700288443216E-002  0.25916183824184663     
   6.1283009182226504E-002  0.25939425948349015     
   6.1346318076009800E-002  0.25962780734267216     
   6.1409626969793088E-002  0.26009473173452496     
   6.1472935863576383E-002  0.26079538014446108     
   6.1536244757359672E-002  0.26172791909576476     
   6.1599553651142967E-002  0.26172770407576473     
   6.1662862544926263E-002  0.26172749183679900     
   6.1726171438709551E-002  0.26196030094736333     
   6.1789480332492847E-002  0.26242724635902714     
   6.1852789226276135E-002  0.26219339964805083     
   6.1916098120059430E-002  0.26219318845624245     
   6.1979407013842719E-002  0.26242696443990554     
   6.2042715907626014E-002  0.26265899802709769     
   6.2106024801409296E-002  0.26265879093165573     
   6.2169333695192598E-002  0.26289140803594718     
   6.2232642588975880E-002  0.26289040460585894     
   6.2295951482759182E-002  0.26312376026036260     
   6.2359260376542464E-002  0.26335734920148612     
   6.2422569270325759E-002  0.26335714030118929     
   6.2485878164109047E-002  0.26358936941036631     
   6.2549187057892350E-002  0.26358916051271647     
   6.2612495951675631E-002  0.26382271967843135     
   6.2675804845458927E-002  0.26382251093648140     
   6.2739113739242222E-002  0.26405595303343454     
   6.2802422633025518E-002  0.26405574169731028     
   6.2865731526808799E-002  0.26428855341562291     
   6.2929040420592094E-002  0.26475517961137668     
   6.2992349314375390E-002  0.26475497418304744     
   6.3055658208158685E-002  0.26522129263412941     
   6.3118967101941967E-002  0.26568735771701973     
   6.3182275995725262E-002  0.26592084464022048     
   6.3245584889508558E-002  0.26592064069019467     
